# -*- coding: utf-8 -*-
"""
Created on Tue Sep  5 16:38:42 2023

@author: Admin
"""



########################       Parameters for the code       ######################## 

import csv
import time

num_samples=1000

#in s
time_move=10
time_stay=0.5

time_real=[]
real_pos=[]
t=time.time()

########################       x_values       ######################## 

x1_values=[115.23467286270714,
56.78806794572793,
47.662703530213,
62.2716283122984,
61.37387059207213,
153.677711690417,
120.29278032038864,
62.03848811009709,
81.10109149102746,
127.65621507571997,
96.28616010543594,
157.2853277578467,
99.27813026774324,
117.65790435665875,
72.28032711845029,
103.37229857026088,
127.01129516754023,
141.3493592385701,
53.7606774590415,
130.98788858622473,
47.56485883209038,
80.92338930512521,
120.34636524635388,
24.112658397864735,
36.51134979452779,
91.42722975837596,
18.074630253837356,
158.84194570052506,
132.83929730511736,
132.90636061963008,
92.8854787026218,
18.67971381143282,
33.40603885104436,
125.7310294100311,
42.38933990971545,
59.01362421608015,
141.93576480656543,
132.65367299603034,
71.60709714776533,
32.70487790572405,
95.22690674715544,
161.00795175284182,
167.46075925080504,
120.28597020002239,
51.4501239831805,
105.59040031183196,
182.32000968940667,
116.76356544448132,
69.62990896296088,
26.73490469578691,
69.26955331581513,
106.53240188521428,
152.47415660453828,
78.83175860919518,
104.9847519713513,
155.9105842124543,
157.99820972630513,
93.41191765055719,
109.76639404877774,
120.36019048780697,
49.69945276754214,
160.66702058629767,
84.8601602851257,
170.04088763423806,
49.61304774857427,
133.04030800288487,
158.95828619021728,
173.5813342280287,
22.02203232702024,
182.46046143627984,
24.90765247778525,
143.4378345483785,
124.14517209569075,
124.39583407280603,
53.015075299939,
132.70277530335855,
72.8905855504287,
139.51708433941326,
97.37663150868045,
24.12479460504167,
19.467297788997257,
149.12388398994685,
87.74626524630818,
55.509506141001154,
60.23767221414672,
88.3962199886579,
43.9457168609192,
109.19307192142573,
144.82526887954262,
55.35046922342454,
69.08449288899918,
93.78076541731248,
177.30320011257416,
138.2070407056446,
150.3831590654575,
61.30207348163081,
124.01324135280377,
36.47588802523763,
96.48786988276925,
105.58938639389483,
144.33230047496198,
65.43602069325065,
129.83544013802847,
126.149105609645,
83.45318814910871,
11.978943415959549,
102.24768730640511,
73.49448126102413,
87.06622251267498,
155.5470378160823,
88.24658582107554,
109.05867560445232,
99.43010470330948,
158.676972203126,
91.87497596907849,
144.98901886065067,
176.32180926551183,
50.30042349498725,
90.17688649822885,
74.47297535208003,
96.87937875089025,
63.082932977157434,
81.93697681554578,
88.69233868100946,
59.534987821962716,
25.441175900608727,
154.25770923009466,
66.27327105707514,
119.61118530780216,
99.94211312374918,
107.47645886525153,
67.51658836563597,
59.858866165336515,
25.990098579595127,
87.71568717782739,
168.24477081037745,
92.27909793307771,
141.6496184220445,
100.57480715159096,
48.65382001274956,
40.37886752069226,
56.4723670265608,
15.04468525303264,
44.10023793896452,
122.67079718182393,
31.88469810771595,
155.5342340034457,
105.32703058233469,
78.65698063452346,
37.07266902328927,
18.02942625129272,
88.47840484756418,
164.04066279692597,
178.72855152547908,
106.76490595218286,
101.97779678417525,
93.06371477089063,
138.96144922361975,
179.8833128324265,
95.23794959019978,
162.94280991102295,
83.68113343107129,
25.31979880341197,
170.51850875781136,
172.6818459810317,
33.111544670912835,
85.39792510512925,
172.72229692740683,
87.93596118277878,
78.31170563544256,
38.41151239055614,
177.04628035442897,
14.682327017016874,
110.06663764049466,
158.31788031622176,
57.80427968942277,
46.490678998748756,
138.0094605855163,
154.54459155625293,
88.18456132649727,
133.98316081130633,
96.5595333672396,
121.84944476009282,
48.068360545930254,
68.03678451718179,
157.5917261633317,
97.10504275719812,
83.81040119606394,
39.828236674723954,
56.3192106350832,
110.95162977812527,
145.25684770366522,
52.72594760850508,
57.483098420584625,
167.97793626314612,
71.91935828777271,
115.19388072938509,
72.67341923984824,
45.03740125940088,
75.49383376887775,
148.4657791004959,
151.87341831703557,
74.4084345550507,
86.08535006552313,
113.6298408374789,
68.76984303475224,
95.00447214178853,
69.61864375030272,
61.84820385999084,
161.8552408141554,
114.67451987487121,
76.76203964981418,
36.93151621562953,
81.51678184428127,
66.31239389961065,
55.08759922658543,
158.2946501730994,
112.00433652049867,
76.67548017426058,
129.72540100246954,
179.77584246495394,
73.03760395974848,
88.48302757362174,
87.72714415848272,
127.96735988340933,
71.32520495042004,
23.964614555828945,
116.72862320748796,
61.24189679164031,
115.0400000491659,
89.21326325241213,
148.40131406697262,
166.89687298334923,
90.22514600710647,
50.88527259274643,
33.467535161208644,
19.78771740239287,
78.00753634556601,
80.57231387140523,
53.7157930785003,
69.14840182779278,
42.19468249810141,
145.78191666568353,
82.76082037369423,
62.65867264256345,
72.3407005014001,
117.93720819723688,
108.23329161340878,
138.82032747817937,
81.34357224270093,
96.693657621316,
58.462146803058054,
144.32837599348323,
130.1768725846546,
125.21043311092191,
102.47990262405078,
39.984615522640524,
176.87518776408228,
128.5938230603957,
65.73827372600981,
155.05765510873584,
104.66830866860161,
47.216670087211206,
29.058441000675302,
60.043338286684374,
45.98857328054096,
72.63458589335514,
107.20822533601027,
125.47164766950554,
63.51281543816167,
52.29482683137121,
95.38074123535583,
152.5151159680782,
54.64964378123385,
109.49260979103035,
125.323116013283,
149.1656727939715,
17.72923946576195,
45.581780356758955,
113.32084365831975,
64.21784373105557,
138.72307807555234,
73.99163084535599,
88.75029075297309,
106.88762209562566,
68.53552181754202,
87.10236633033053,
46.294339795318955,
124.6289160968937,
69.2946611531304,
153.6830938845442,
168.84798857816355,
147.49814414470416,
86.75922228691843,
102.98305903394734,
82.87261774835434,
38.06112057118157,
30.452612815152705,
164.74303796110763,
62.31953888424631,
74.28031054797037,
138.7098601041281,
45.59211675720281,
187.34351902758482,
167.93576536474177,
26.61866415216494,
66.46977049760551,
65.92293707486864,
81.24027663058942,
115.72009163026894,
140.96938907296857,
58.32836888954546,
60.729184030692174,
100.52543133731898,
58.60463788909539,
95.57883989359732,
25.381699414658414,
166.02941048300386,
78.00610418809485,
96.98886740559374,
63.71392523757956,
70.5374266475688,
108.74252121096933,
50.449147025312996,
150.96420183412806,
133.4724916786805,
166.11258438523606,
31.29836404479856,
73.48949951143679,
132.3997300088258,
119.85003691956152,
154.4133761378921,
34.531425184587846,
133.03525113923118,
86.75517470558599,
157.42059068086795,
77.772870403229,
94.26776576285909,
130.41532539307366,
48.970800949665936,
145.16640082961652,
75.02640937002289,
80.59874368089709,
87.84578135520624,
97.282646538403,
67.06093898216865,
120.34505955210994,
87.77511798316331,
135.38150189023884,
87.84711875633178,
29.943894963518957,
91.1893752296701,
29.139596919771606,
52.63273484164646,
125.985031097792,
17.124277917138997,
47.529304074033035,
21.017175549694542,
28.909429611105153,
155.67481791926042,
47.60770026996284,
38.7619201383378,
100.0475352678546,
51.06364064421686,
124.62347192789086,
81.34051912579413,
75.53455428750352,
50.42955123605274,
154.52373491326068,
69.91162934382908,
39.40165887119886,
42.89493571379532,
143.13838981076339,
106.84727816120663,
137.42390283538887,
104.47718953879372,
90.08791518578798,
97.69399014917151,
171.31437740017577,
163.39195123249186,
83.87257403539493,
106.76081029829675,
109.11501782694226,
24.658482652727557,
62.06526362506328,
119.95885205039428,
84.24647989090748,
184.5376830897638,
85.07122901765496,
31.927999874812414,
80.15397877507186,
165.6702391980944,
161.5839701984658,
180.3789637670409,
24.132973963756356,
95.65638763650244,
73.15708527587829,
42.357134451435364,
77.7178038159901,
174.45668190726175,
35.964080413065886,
163.79808310678368,
49.1909597594697,
174.3404517801195,
103.99442983939367,
117.78923282326521,
86.10820776208159,
65.72362958354566,
137.3027095616167,
42.434784844223856,
108.7204719458153,
55.76018316738945,
109.56737330564637,
181.78519545041982,
61.53160926858397,
25.107894424409082,
135.70671444175136,
118.89492748609015,
84.19561866894145,
105.95525019651203,
25.78518721709446,
61.76340749641015,
65.80669109970049,
20.823807741221174,
175.94323362966134,
52.37912957749083,
166.88719657259014,
48.158088931707006,
121.6796877081531,
140.01861996298072,
60.77611575980874,
60.75613625387275,
178.79865703191484,
128.29465173793105,
149.26607902110908,
143.11031807904607,
69.28762469776956,
95.52125531245238,
118.97089531964474,
101.57814604984989,
94.11974611440525,
127.64331191367522,
149.60637949002,
79.26569069416232,
47.4353254328564,
72.4740900294245,
124.68774980558925,
108.19982507692869,
55.741858978013205,
111.35092661008386,
52.3755032609195,
121.11764681318925,
43.146066526650685,
120.98629173177713,
73.9927251381851,
138.8216738065801,
126.69918367292544,
82.08314358040614,
134.08255614802263,
105.18631960576741,
49.11033905042935,
53.02120860252727,
181.17038118325195,
23.424070419427736,
157.19832967404892,
35.053037900831114,
38.446577003343094,
78.12016200747443,
128.77171975725733,
67.00511900350737,
132.7487045805612,
102.42948929666309,
97.28869156045904,
152.02163953342233,
175.80015978312966,
69.93852678327428,
158.69480603531352,
96.82741305834143,
26.262117301748603,
105.97114524710881,
63.931197808364864,
79.88055772874938,
140.31771064541414,
133.28931185148187,
70.16426700394982,
39.462252077696576,
48.57395656353631,
117.5736966908494,
107.29350522205173,
20.461694428261453,
75.82194348482442,
172.81969768315798,
173.9797445017251,
11.143793373836928,
69.45906686789885,
71.2967437964461,
74.69192086677769,
95.27465420517086,
50.13497428569742,
178.2454232820423,
101.95493845014073,
179.40149254152746,
171.60475944662846,
120.40132231262581,
66.96433767337919,
152.94058053862844,
111.36391263568412,
51.99286821484488,
120.74721273058549,
146.95251053331438,
65.39419445791742,
48.00805121932259,
108.0246992492528,
33.33622082240244,
121.70946505289949,
158.45802442138591,
137.68600690756517,
160.67048473890023,
133.67827936533394,
135.0789427899137,
44.464296176309446,
63.23062873766209,
102.95710399409617,
61.302405746706974,
113.12604288028933,
173.12923717538195,
83.13657553312109,
28.167046586895722,
78.13030373550765,
180.18692558874272,
27.98528252574752,
103.01493571809566,
139.2288198904085,
36.06720905001358,
42.45754361008068,
59.07197333615106,
187.45474395722397,
98.75676388751398,
27.137100353817075,
160.04079475794637,
68.96269875421173,
52.237925315660455,
60.91388935706486,
131.54165552201658,
63.16160117865973,
55.415620286868155,
97.95049250774727,
111.04739486630858,
30.347594637821857,
21.96969470489499,
81.53726547732731,
48.067595553442956,
134.02301120520087,
97.86680586032466,
168.78569971701927,
63.32862129768637,
31.61874712779641,
96.87226381116211,
126.34593778870106,
141.28566149252904,
136.4107925883441,
111.18888788415788,
52.52579424218358,
124.05865681749792,
69.82589470090394,
148.94976384479997,
165.31419036273775,
144.22964037621915,
144.36579293963229,
131.6330782600601,
128.5624448906287,
83.17168575884646,
23.338401050398048,
188.2750550686036,
102.40143425493855,
125.76257873600356,
90.36099471941851,
51.70286757691174,
124.85869403935644,
25.082300393813995,
172.01983806490853,
52.61063460877722,
17.308022366573496,
81.58220123481493,
125.43421910359774,
160.3770301456897,
87.01862037549448,
121.50768814137815,
11.23618835477339,
95.39260158228286,
165.79181749318622,
86.65428231621685,
139.4515905259917,
81.062248078416,
84.66591587524557,
80.33319445345154,
39.9534644314696,
137.96598821461706,
66.48846694330054,
36.903176608576345,
117.8687444258608,
127.50663951186459,
158.06256457778764,
128.5183807525822,
66.73860559801295,
105.03586114376714,
143.02362820526687,
151.42220862020156,
133.63136397278643,
95.91281711812418,
94.92948183725535,
151.89808034136232,
123.30933450995538,
94.25366146266208,
31.95246094449105,
136.36400782341013,
117.65922073405773,
127.28711849242394,
47.61061188570408,
97.30157111247756,
93.97197670241566,
184.27639152703853,
73.8429227161522,
111.82841679521015,
154.39130601659804,
183.68603407021828,
62.69404877736691,
15.044614564758334,
181.14852011042163,
48.27188238274994,
176.94667050970554,
188.12610788518558,
77.336476167702,
156.23459823314994,
65.55885782254663,
188.2088352518876,
28.178160207226156,
179.10164666920048,
139.40997886209504,
125.20593276156711,
145.38836580042448,
181.25646694029797,
129.98723456222285,
61.09961592161386,
114.15217766268711,
106.87388937443444,
73.73110783512588,
137.03157521567056,
41.65768109110454,
120.76531045682165,
156.21896878096567,
145.3016646481742,
85.13850029182984,
119.81673849800876,
97.44686826113657,
24.321527064027507,
147.32710418517564,
113.32986230311143,
61.48728686897898,
120.48549047195084,
24.33299640988409,
40.74316618934961,
86.36001359855885,
166.50358945692432,
96.96848675721284,
35.642763908462555,
131.3283796665803,
77.33073145552339,
145.2826937251182,
175.56755333524603,
97.57086648781183,
15.466994189722456,
135.55492823571035,
134.47299233708858,
55.62173359368191,
173.6144211867121,
107.09849760321868,
165.23063130362786,
98.06277921474899,
45.27225853900946,
186.44420888516885,
131.78269661260458,
150.88014707311643,
140.71071503821642,
120.72990654604324,
163.8783482802878,
126.30177299181231,
93.3452970334868,
71.58544081835797,
75.35940557710934,
45.45054551320193,
102.36464565300093,
105.62233576770971,
149.93549083327153,
67.30784103284962,
116.29613323602786,
129.5562956652448,
134.3746185270997,
80.86171388589221,
102.2595350679263,
119.3946193944297,
109.99677129265407,
32.413864705256174,
96.23874027601485,
43.14852635937157,
164.30937623380504,
28.80419249869486,
149.73688685557212,
18.02345807058383,
42.423409365109634,
137.42784878828772,
160.7789996142879,
164.6642795470063,
90.01554577299683,
22.385614055869056,
160.46112478661274,
161.82504301050045,
66.3260615990731,
54.78388908787787,
105.3422171635821,
109.14292860177922,
91.82620230551676,
126.39058338270848,
33.83255469009795,
113.94666529758095,
84.36262534046405,
102.93783414980008,
86.96085844697244,
75.06283210001132,
166.36452018111643,
41.203174594393666,
121.81731167058153,
67.40636323551215,
159.32699220305665,
60.95738223476776,
50.60896964874982,
118.02447961010543,
30.550831354966448,
19.222082976577255,
127.89025586382868,
77.4421117457681,
26.668863726333797,
64.27550491608295,
38.335841500677375,
112.24722011171792,
123.03060514750658,
116.5828898224336,
122.3213909322001,
121.53337049790298,
72.29345263559654,
98.142556765355,
105.77044545447195,
153.63156411397975,
127.73143583574762,
27.82731124528094,
23.485564282967047,
161.14206648812063,
123.60413903844953,
84.72155476807538,
30.044695325294825,
111.62030724832103,
82.51411636874076,
41.32872840981226,
160.7946030436157,
64.12675679307816,
156.5158086972372,
109.66967800254739,
51.85550566306149,
131.81584220484245,
56.60963135066639,
43.81311618814558,
117.85194141487271,
141.45794022169918,
139.2754532015946,
47.61448357262284,
96.4073005724483,
62.277204186639686,
167.57791050011332,
127.94876405813467,
154.7391234490579,
85.9632776182814,
49.07522180262668,
109.35310209257763,
55.676849956204464,
57.610710389054084,
109.03512768276484,
63.34792309638968,
106.37667163533322,
61.362480284048246,
111.81837071415065,
105.72802449162066,
154.48932205167296,
177.27086585192248,
69.39990572925717,
158.87366751879426,
142.2451990305582,
27.030091855534067,
58.32108193264428,
73.34309042566625,
103.78456044545881,
174.1780253897502,
88.01278725323367,
158.38039233869202,
73.61478889393993,
75.70741117910872,
114.76125433381715,
138.46212435849483,
14.397102099934969,
66.89327215971777,
26.732429423369396,
46.514807087464185,
89.52685291787527,
63.37117206501768,
84.23075162723596,
94.14641845533642,
110.5043119404767,
51.68919431106453,
62.29866952798616,
31.950301571304195,
55.6587427206868,
85.4340153719423,
80.6122082641071,
92.41320915132505,
140.6252134649718,
42.422531848185834,
55.18530185783567,
56.20757521909062,
141.22023325386837,
49.57289343847123,
109.20893579386565,
134.61144367932067,
162.09142964500592,
94.8535280386833,
58.28433101422295,
114.20332387229382,
69.2290128148328,
69.26872967741586,
145.69840461331916,
125.7385657885383,
63.961137727688815,
81.23241474729832,
85.3296395144012,
142.31235941338068,
116.6453855489912,
52.75290184332949,
70.36579948224389,
88.33986679981749,
174.65596573628267,
119.2169060463207,
159.82043865251106,
93.73055642733303,
153.64622957187848,
43.22315052161628,
157.93549618578953,
60.01865999728291,
65.45782697988913,
57.88787518500327,
125.52101461715044,
86.01292696535833,
42.9652914544731,
90.71839974355154,
127.69453557716294,
135.16162148979697,
44.476669091101364,
54.937227497655094,
154.29554477717008,
71.36671729492745,
135.73362581167237,
109.28015589611653,
111.071793067507,
120.49150185637407,
68.64857058008423,
117.22930158994706,
19.445974395739896,
88.10317882699631,
112.99792876132565,
51.07251978922112,
18.489317826182912,
125.72231126450048,
59.979023565368735,
126.491836960098,
111.28275403216458,
166.01465223407297,
90.13083556307453,
39.73316167633383,
59.07942773349412,
151.40542349149536,
111.1281223358554,
100.41192999071308,
137.71565962734104,
161.48296140994532,
107.74540964365599,
69.10469973857599,
31.424768360192417,
134.8476255509415,
93.62897678821061,
164.16300072316199,
124.8078250547494,
75.10286828983955,
60.982454169340286,
73.69094911661074,
23.054482853843624,
33.58379012746505,
151.72585376766898,
60.364325636727564,
28.899103240955412,
141.55043530299088,
94.08315249665384,
123.68127328351633,
25.295100824461983,
69.89011102705126,
52.50709191230916,
19.686532036145223,
107.30325819314174,
101.96314465433036,
61.24481358149859,
98.94333997937765,
170.41488911282357,
143.89407325610227,
28.127123184679334,
131.69080382557573,
134.10800560358325,
114.74403046938298,
98.79543956619742,
82.99780152712006,
94.16850859652672,
147.3295735369281,
128.17529812720983,
154.80064104524533,
165.2879796065441,
171.56935406039088,
27.825836573670685,
127.58125231116493,
23.414705894423847,
40.48763337748266,
51.38048041140621,
66.29240672872481,
103.03593667412095,
186.56672416353757,
42.587338120889434,
63.588535773947086,
162.63658591571752,
70.54949599013726,
144.87782347217842,
129.87741560905414,
74.14727854728292,
14.117237807224427,
147.51765250979253,
132.92625264942222,
76.93968964003015,
138.74566921538542,
82.99618589115695,
169.99065191138357,
72.09077612378739,
108.89570542958349,
109.92701843468645,
81.50329150808102,
148.74509219113378,
24.054693432608218,
137.06046754049675,
172.057431043046,
140.71252925857831,
46.426903503757494,
86.46040214804417,
122.04416393648566,
72.98517783770086,
26.90599191255255,
50.98086930582813,
101.0986646162888,
147.58348683240905,
171.6710552581714,
103.98975013680219,
89.2158552603161,
27.095878277221928,
86.70315858648549,
51.65943731095998,
136.19561237810044,
61.31697084095634,
49.33083555542992,
44.29024727718246,
86.3058421380378,
119.69732330220477,
122.40792957496735,
174.09260194865686,
109.10510921384298,
23.76698804820724,
144.16365499486093,
53.00280394931996,
133.6397364432443,
101.62077541606013,
137.92113491136638,
11.262212859997547,
48.888331053223546,
147.18073697598544,
94.98726205346318,
89.71645969762635,
157.10120939642945,
77.85127963313357,
136.37399941804594,
144.58517647158672]

x2_values=[32.123293523953215,
9.661514768149049,
-29.21948757245657,
-15.021832670817693,
66.0613267967329,
-54.65202930215305,
-34.314964583555636,
51.75084812955212,
-38.44822547243584,
-44.39379494510399,
86.65354050642048,
-62.73473720641294,
-28.347982389746647,
67.90254483433095,
-75.09303123121897,
-10.449358396188886,
-32.59292561501414,
17.311856606120354,
53.51115283677601,
78.2735314737786,
52.687281621940755,
-12.344072872010974,
69.38658735390896,
40.67692023590825,
-2.1100518150812126,
76.85071323779457,
-33.26160913499751,
-14.915255612151507,
-0.06446849675247662,
-69.29681783490533,
-28.137628594063614,
20.692505604762037,
-8.158500357892708,
84.8400585886265,
20.579264075560424,
15.093411799685795,
29.227856971426583,
35.24257745087073,
-16.23879459210352,
-53.17042249367728,
-58.46134284666219,
15.919021876604182,
42.1264518578541,
46.07002175151823,
18.8107405383824,
26.540553727084458,
22.47818554767308,
3.907843931548118,
21.58075473284149,
-40.70811871317754,
30.7822466679314,
-40.35972536029325,
30.747265754510217,
-6.6644993548793945,
-4.667140722458251,
-0.11718974225126247,
27.291506507151954,
79.205775786474,
-13.289397427558455,
38.7488015130734,
-42.48121352817082,
3.1868564993287647,
43.66012925878055,
-54.310475995897214,
-52.34319973270801,
-41.69732340777827,
-42.22138924786291,
4.778826045040945,
5.966845926336552,
-0.46841501559572474,
21.36546055818913,
-41.23566041350091,
86.00727570153262,
9.333607482471718,
31.859214710037893,
73.9734765577808,
-78.17172737888835,
-61.46916269624146,
24.10889367791583,
-12.539507946170692,
-18.077302420704445,
5.2369530054365345,
24.99886681779102,
-38.782397930792314,
77.56837445731654,
2.8701943041869935,
34.11790426294511,
-27.74899322049213,
-28.09443610826112,
-22.336229159786082,
-34.921982046557524,
4.334812612083341,
41.919647303500255,
-36.28220847010387,
-40.14886360883328,
35.374636526186485,
44.27868393004548,
60.12959348697446,
0.02534943743339561,
64.95734334257813,
24.970106222458707,
62.02201002958108,
-75.96192723323824,
70.88296402830404,
-16.824617386080963,
-7.80989082790274,
71.80863010782528,
35.961141257776944,
83.37328331729294,
-9.654274525582302,
44.181962587259235,
5.21602722101956,
-54.46617765521415,
-54.730489198207344,
-20.45892999743577,
10.09647008174082,
14.203075232641767,
53.03583761691325,
-82.10457815548179,
11.915863754696995,
-9.625153793766994,
-33.69234355457064,
-5.2901835158997335,
-75.30567905987284,
62.30178442670432,
-43.505240830267596,
28.58410117572899,
-1.2181651237614393,
-41.67659248363184,
43.310945300285404,
-11.101258416508244,
56.614963668579875,
33.91590208576366,
12.342314201006234,
-21.493232410330787,
27.53940339579564,
75.87624593732423,
17.488416759368597,
-78.32259481460243,
-37.26061043542505,
-38.18998090157619,
-76.44574846923602,
15.885665605106874,
-20.3863337690678,
24.458592990167883,
50.446131157203475,
23.346021433966737,
64.11827197590617,
0.24130808924737274,
5.666105744353813,
-26.072350516763258,
-52.02221693545634,
-52.79422597909431,
-16.183470896567574,
-53.79668655727193,
30.647158085000356,
-39.92696831299604,
-72.09254277960059,
4.584550610970218,
-51.71267009358163,
-17.48674686785561,
44.4676550091178,
5.974472980538159,
-25.459045615216553,
16.034392114893535,
-47.28811735878198,
-68.21081407614284,
-48.73899080034444,
-47.445039445182104,
49.71201820059573,
-50.035786345304324,
-3.92407856436431,
14.462527252950935,
-33.061753796240325,
-54.91828779597008,
-30.0221327161282,
-23.332225036549808,
-45.28300734163438,
-54.67669039231154,
46.043414680048336,
-16.1934005806695,
10.54418878990633,
-41.57547492503634,
33.50709171772042,
-26.12146547972426,
-57.19370669064267,
36.84639848423943,
65.34854946402984,
37.33009095285985,
66.90396891311953,
-10.358964636029524,
-49.553846826840704,
-65.06303787655268,
25.490008446878186,
57.51596609513453,
-63.95778168717012,
-54.4862159606007,
-3.497067066150934,
67.6249403125454,
9.681282939486046,
0.6149703422441939,
-46.20054600862173,
37.426139866050775,
-61.011428869412406,
87.1985329317968,
-16.452921500836897,
-8.481303918797735,
76.19955527946594,
-58.919066622897525,
-64.56181816807276,
-83.8969307004647,
-11.249903774245508,
5.263768970244029,
-16.208031146203755,
75.66086411812992,
73.31282949754359,
22.88566645424758,
59.87854152502207,
-44.514809323347635,
-29.92008290453261,
-8.88321521737672,
74.27693647435694,
-24.327995731549596,
70.83675181097458,
57.14925135927303,
21.966799584665853,
4.492971078512374,
-29.175804432340374,
30.996921233148452,
34.023284249355335,
-22.988064978373,
41.713467151022655,
-58.65853418464279,
-25.366785850044486,
-48.75536460060326,
-20.57022829038949,
-8.478581528761703,
-80.91906008949569,
52.270203538087934,
-48.30502472591777,
34.51496683909292,
44.22425140623758,
65.05299563064,
68.31379242141064,
-3.273527379219061,
64.87922448458036,
57.043030454610175,
86.07603082480577,
30.228867897369447,
8.704447056174605,
-69.4590599315404,
-79.29398539042428,
-66.32542964344805,
16.306837331151662,
32.00355976462186,
19.493659506973152,
45.71499355847172,
5.589534073988358,
5.191630272846853,
52.67832899427204,
-20.501068862564097,
15.558619189182183,
72.64975346397647,
50.526770900903934,
77.11745586862594,
13.116778778259068,
-41.577348075868336,
-73.04101163459437,
-28.87138403366167,
78.03646994657151,
-24.339488552282518,
-77.35237508821476,
33.669066214142454,
-70.03770099767861,
49.8490334134265,
-18.461453778845396,
22.544948584323915,
-28.282028849500527,
46.25929798279149,
60.5093416483238,
-44.716637418727124,
-71.7772079919091,
79.19799999618604,
15.803440779297684,
-15.572030128228374,
-40.938156717562585,
2.787250483078217,
-43.13254421728436,
-28.12111976935997,
-84.24707004299219,
-53.23290631592112,
-36.54646964940424,
76.39358637276796,
79.4616597593067,
-85.78985325858577,
10.415873636759247,
-57.35952050772235,
-8.782486264420653,
-4.309333503935587,
40.682557315946624,
-73.18820643116209,
57.208818008660785,
-57.231676237743436,
-20.538726330148425,
40.63430212149872,
-23.174170196528753,
71.11018300467573,
45.27335028004816,
-83.68134855666185,
50.58986993101943,
28.792443783846473,
-58.97588918731125,
-55.58524828943077,
-79.62230265314936,
-6.741595561396453,
-52.554711049875664,
27.90888420706129,
-27.875124954447205,
32.54751834461327,
14.614234714922562,
79.35573357560094,
-18.342690203646306,
52.8011091856202,
-59.99387077900129,
38.33708387948326,
-43.3787244092713,
-51.25064426560232,
25.691405120798112,
60.06339879836599,
-60.98794846942248,
85.12189217593449,
38.10997976502127,
-45.454167400001324,
-67.0468945794025,
46.85021102248069,
8.163557790244488,
45.494406671850435,
-4.408537316679351,
76.7985879483266,
40.31298415858689,
1.317587961671136,
47.21976360740361,
71.50617534820871,
-74.69546487678292,
45.60817751009498,
58.34610467741577,
22.234733586810428,
81.97848899474535,
-7.073558200513024,
-80.78836609224619,
-12.73042828148943,
22.7144073454874,
-10.286510278350864,
-39.75685838026991,
16.180122564471922,
30.617548926774393,
-21.81133671155089,
-27.660023627727398,
-16.097304479213253,
47.06358194932794,
20.410073041750252,
40.61320863354572,
48.403346267540584,
38.206198714498605,
45.03963669728681,
72.62662903459862,
17.021948875114855,
10.073478852654233,
-49.937693828428266,
-49.83503613312843,
53.44025354760445,
48.102169305823125,
47.08141037063469,
-45.09153428646986,
-14.264606286467188,
35.04841343217573,
82.93711069660478,
27.3426409386482,
-24.131732187560104,
-62.56402257417103,
7.249694642939,
39.78699078563925,
-21.02739223316633,
13.440923637405186,
-1.7235882647131096,
23.62875703911846,
70.08091226035728,
12.846457855693702,
55.82133922686789,
18.67760454031804,
-81.7479134937315,
-36.51639795652366,
-30.957535006370385,
-16.694242988900356,
29.740337007904714,
-12.058530000901316,
50.826913600387186,
-0.9674855316267453,
-68.41579129172048,
45.69153929841334,
-47.73226353840195,
35.38943066059312,
29.192723527132152,
3.779969466201268,
20.715010115678112,
3.104133837400003,
-36.465858929864204,
26.342582099048116,
-79.35712487911856,
-53.76365272228366,
2.5543622755403983,
-35.905385341939464,
62.06536142810522,
-30.329457282775497,
-75.6639916948461,
11.663121330227035,
-66.91010143694949,
-20.914435137128898,
57.355425434308295,
50.85866650451736,
44.992060091856736,
1.420503330178572,
62.80136720870818,
34.99640062855319,
17.139931804907707,
-70.97344534491822,
36.22643311569074,
67.88928908039455,
-46.848283603296075,
-53.33879610308632,
-35.41503654219629,
6.197055722509584,
40.92187692611034,
74.60966705432367,
21.68351298311296,
39.51680809917778,
-36.69277175229826,
-74.02600840678211,
-16.374067742848663,
-71.03783596629455,
12.771080928652028,
0.11317930252512151,
20.733647250617427,
-0.9142619630254757,
19.292193808498553,
22.95728710631469,
79.33862796133374,
11.02996585683142,
59.92356219103344,
-29.5695150065407,
74.01641626530954,
70.52163400005803,
-60.68335188008941,
-66.32619947595664,
-30.61522511927681,
19.8652504896352,
-49.30433901360546,
14.762631592211747,
1.4658952607040152,
64.9388788974182,
-14.911714128841592,
37.651658366020115,
4.462632406276923,
5.747307510231047,
19.823743081411408,
-15.421424924729001,
35.58021482993293,
-72.70488058343942,
-29.501993873969894,
10.046178093811402,
-45.33665252878448,
-73.15346428691602,
-23.2624043507905,
-31.07777035016314,
-42.79893736212023,
-30.072068738374366,
20.402785074069243,
-41.93641345405415,
24.177449668891523,
-57.0829621603486,
-40.75216669181322,
-13.03572863038049,
-23.140804149797358,
51.01237639929754,
-23.09950700730393,
29.801932691373533,
-24.38991141263069,
-60.21401332994387,
57.59300671938266,
-20.626711483521373,
16.70662891849493,
-28.036404039109808,
19.24270951083304,
8.394246388441022,
-56.96077023557201,
-50.56931201713551,
66.72772903188499,
25.563463935925185,
70.35003343475844,
-9.086126964832765,
39.287890750748296,
-0.9416251869613566,
39.28588286693213,
-47.057268879624445,
-44.79919639649314,
-23.477094199552393,
-65.25178436570916,
-33.845067865252396,
13.717220993709699,
23.16232796371562,
-25.01477237867502,
56.34700822170192,
-44.08056439236589,
49.74498095591543,
-38.5607461724299,
-0.48197654084246655,
53.649886001388964,
30.264508315287234,
-49.786137160797495,
48.35122315960796,
-65.20588023977258,
32.4127634222555,
-45.38216952464964,
23.080818896997364,
58.21267430640624,
22.01123294474613,
-37.80434370469108,
-44.75055635812933,
-42.952649228203775,
30.183712067238847,
-24.346286464842628,
42.13921674864188,
4.723563248499882,
-17.852830911717774,
-13.93873870491632,
-56.69095892016538,
7.772772578244498,
-0.28797900337870114,
44.23083223669254,
-35.406163135719446,
11.450685878351308,
25.07626999183614,
-64.24608620280769,
63.06081772056201,
28.10273667596299,
-69.07339658890827,
-81.30481964453092,
62.794010536449136,
4.609857124816191,
6.117891372902125,
53.16229044804339,
-30.043914569788477,
35.7661639747694,
-38.03628553103301,
9.128596441627801,
-54.52398060450253,
39.323697205024246,
-50.83414168517267,
9.17980216240107,
-64.81167363186744,
-52.94445304795284,
20.92556184586498,
-72.47595207935565,
80.42846101741934,
71.83974126112241,
-26.14022719295091,
37.53466930302406,
-61.16565367247188,
37.77904351321829,
45.94196404966903,
61.64383552636988,
60.80542799128099,
-18.44991523820205,
9.396914671868345,
-39.676888853548036,
-79.43097461557866,
-64.08417544621427,
-75.27461110737931,
43.52842547407823,
-25.247701217798046,
9.277580948424545,
41.449455942222116,
21.17558710467094,
34.27751483290695,
40.96847825902645,
-15.308182474533448,
69.17030612343663,
23.68982787911056,
-12.202992638156292,
16.11115842949849,
-18.579245235167015,
-27.291511440245923,
61.18886300465385,
-36.48897020762951,
66.52201482109228,
-66.10588060768184,
10.607451531215279,
-40.03708227239927,
23.55554207582951,
50.87320971811355,
64.80012080096242,
-15.80060905530151,
-55.27135767387579,
29.142948647237006,
-68.61168864241249,
89.6897566603009,
-50.30230732187813,
-36.956863881228685,
33.21005916042454,
4.316086432817376,
28.260279779047536,
-5.697739151321438,
-70.17591584467351,
48.21709833287619,
-10.036999318498504,
-61.514504708604804,
42.35549301887364,
56.271567709814896,
21.00529850703579,
-4.5526337195228574,
-41.40849368561764,
-30.318120200227572,
-74.02237954473496,
-50.408069638960825,
-19.868440498781755,
-2.928621182817472,
-57.23276346706324,
23.98706604838354,
-10.771626506090753,
-18.564308548646036,
8.977591212443206,
-13.618037556950657,
12.11490001856754,
61.41901652225893,
27.52540761643183,
11.392904730080659,
9.868557409574862,
38.203338460534866,
8.51720974219406,
-63.3270725325534,
-12.70129850802451,
34.25264203055152,
50.74289140603534,
-37.30649284068073,
72.64645039081935,
-67.73859579961437,
-19.05232808604097,
1.583576902035212,
61.089968395081236,
4.038007038675263,
-53.693945983632226,
3.0807914301410766,
33.41417947923876,
-42.126453622680394,
83.56405938311903,
21.622453696769266,
17.483930437188125,
7.729613515101419,
19.925384690469436,
27.100027961983013,
-15.757387495116328,
-25.507526470645598,
83.0914881028816,
-9.95973015303396,
-84.03635611763679,
-46.01195094888355,
9.196633633688023,
25.666911111738564,
73.21857315754227,
-40.76316323505217,
54.77421268121869,
-26.0561205140305,
-16.286309644931098,
-70.18930044060936,
14.851865485888815,
23.86592157939994,
-19.22218708800004,
-43.506687387329826,
46.710899792661316,
-32.490536614869384,
12.319271015804706,
-65.07578848861183,
-52.73099692759958,
-54.02469928849708,
-47.853494998888706,
63.320289444778794,
41.442251989507376,
-80.7757541027587,
57.3268091813263,
-28.7743488923653,
16.90120350740276,
71.98856112514916,
61.46168330923266,
-71.89266777770311,
74.10464802132108,
-24.75178286547842,
-36.41292407711176,
-33.62161258622312,
36.77992396474482,
81.50207795345567,
-3.842052227869419,
-30.83922925004756,
36.95914378238578,
-7.729046822156934,
-55.23219442973208,
-29.911919122080146,
45.684908820948216,
45.96857230557825,
-14.442718553716684,
45.393688262055875,
-71.43246670243329,
-22.898862114561062,
-1.4759413057340447,
79.35551531041041,
11.18060955277283,
-0.5663522520811424,
44.80893868315181,
-20.90168588679005,
52.59690773876579,
69.76324462837412,
35.18962587006357,
-24.195784821218407,
-55.42519339387806,
-59.71470088774669,
32.08429276970309,
83.68048974242065,
31.38437885420662,
-6.7622342526620685,
46.3362700859252,
-12.780566931889386,
18.35853876962231,
67.78622472756045,
-7.542076077017259,
31.959437952574927,
56.488387352017,
44.56442440919514,
78.76384799406989,
53.396121914277,
-26.27699307873492,
18.091778602955532,
17.821347246869408,
-36.849608718853,
30.58344141741129,
-1.8516522662223664,
10.184379987078072,
-74.6441264310555,
31.590952600579644,
56.03030992261401,
-57.55664683122361,
-11.61883775971268,
75.60507451787345,
73.29761238998938,
-8.914929792727262,
-34.15583762834351,
-49.921273785127646,
-40.111219272459394,
-41.92683919330208,
17.70421531410444,
-57.288111814675304,
15.826530209632235,
3.678392915800541,
-20.259026252778348,
-5.994096982126587,
56.28361808560495,
8.145836570905617,
33.69115635418238,
37.06970113919812,
-7.780102822537862,
-47.914644241493924,
60.925641347189014,
-28.257580184449164,
-5.047587468709154,
25.800907285780546,
13.611866116733383,
-56.130785963728535,
22.192781788424035,
68.91408842311476,
-9.407738572240255,
-13.124574256677164,
-30.03272666712474,
-52.749109012396744,
73.3321962623842,
-29.76137567638094,
66.9580891166049,
72.54717704501915,
44.031636535023864,
62.383935613506424,
-70.00342893330897,
-53.62030258780079,
-12.720328676330759,
-54.99660535144984,
-70.00727813165021,
-30.14458001294743,
56.25668532844123,
45.81213407231048,
64.61754717473222,
44.681338946938574,
-11.00936250292711,
-19.56317617353548,
50.68762858099862,
32.856959116038794,
87.23182981807821,
40.8839369182428,
63.90627116844347,
34.86804789600667,
84.9956386013529,
19.207326684102295,
15.38962868358249,
-62.70227427034296,
-33.89070922142719,
32.02711632891633,
32.199565791155905,
16.152045864161355,
31.433630298718565,
13.019612370836102,
-59.130647380209176,
-44.99364754879006,
41.64379374264743,
-28.622861195418814,
-76.26333912340496,
12.380932907528445,
-65.64787786466621,
69.85116335812957,
-34.21899214364857,
-47.836662170957304,
41.58483892228964,
-5.186210575714839,
-57.371542070451866,
-10.041089473163689,
28.985108079079392,
59.11241098557142,
-36.64779130770513,
68.40321830403956,
-36.37804881702488,
17.26101488345042,
-19.597809576053788,
-51.99458000041712,
67.36182780478602,
-44.60055099659741,
-30.826742444720846,
-79.1637174726903,
-55.85070365718488,
-38.23778503388282,
63.228214070379266,
42.01664588893412,
-9.679771363934423,
52.786968343485164,
-26.528923868371628,
-6.2216229601916275,
-45.87273022467618,
-68.35728913588207,
65.0075143352107,
-47.27403698933859,
61.20372245771807,
-35.31792717261094,
-15.30601548517471,
-26.70143790450092,
-48.97728335023404,
81.10179208232856,
36.43641297937677,
65.97405606081098,
-85.09413284936322,
7.639219880082056,
21.665508125921313,
-19.9764660234693,
38.97733746704515,
58.339607680688125,
-62.088183009100284,
-8.24136394625459,
81.04360600569345,
79.90479194193915,
-50.338177131349205,
-80.54704701075156,
-13.929763393334488,
29.54183015747016,
57.954223358404015,
-55.85665951919899,
22.908313387702407,
-23.61558922010717,
78.94474564822318,
80.25797517237065,
-27.651033812489207,
-43.94294993126301,
35.41454182697714,
-39.668275457091156,
-59.55661202891447,
66.15654862437134,
14.444881599612085,
-84.53976528562194,
20.563804666132352,
51.950461388622315,
-82.3094628464516,
82.27804423341499,
26.97030206983982,
50.37303807118874,
9.469439401923069,
-58.2778720955797,
-36.82160937016871,
-4.027849553742377,
20.133766732963895,
47.88444169651008,
15.992882199802024,
14.601017620607465,
-17.753822343669007,
50.6355265365309,
41.35465415117842,
-9.73904886193377,
87.45184651031693,
-37.74087324190359,
-7.667047491387204,
54.42896018754641,
-46.83501500572783,
-5.676191022856282,
-27.650429034843285,
89.88176514413578,
-0.8812718695362365,
84.99780959418649,
40.480854894052996,
47.322046679933834,
12.887587786266334,
-74.48322453567249,
55.01849418826563,
63.797952917100936,
-60.85744438179892,
13.605166655034271,
-38.76814097330646,
6.257129866491037,
-15.732874028287057,
-4.516093462226495,
54.55396934806541,
-49.16636220852956,
23.041382240252574,
-39.6900064899314,
-38.21580132109499,
-22.094004172090514,
-38.41784916317733,
56.10975440432067,
-61.474160686368066,
7.837899614486616,
-33.18233124794188,
30.59339441836338,
46.00654848847618,
68.48100046170376,
-50.313578936979155,
46.227861349411555,
-63.705173387063375,
2.902672061392509,
3.683353661816207,
47.2521828155399,
34.73517178445773,
34.604103251128485,
-15.606682951173942,
2.617644323290633,
-80.13446431506945,
-16.686644278856885,
14.841217760610704,
37.49360668039572,
44.356698405411656,
33.592929270398045,
45.72260384956844,
-40.022102224379246,
72.79426825086725,
-18.00592669446835,
64.56927370151324,
23.361404458491105,
62.257003053999455,
-49.999594744371834,
-48.97418578673535,
-4.267379501490465,
-5.538905150660697,
45.331743891107806,
7.448104068499203,
24.408820362303647,
51.38995799271227,
-51.957748013842256,
-10.823324067485471,
-3.154882665908509,
-1.2110255001086796,
72.1104107024955,
64.51635646037145,
7.623753053943086,
13.909838933549311,
-45.86366567930026,
-16.71727767341882,
-19.583650960297366,
-45.607388390315634,
-5.681458793511092,
72.41402719661329,
9.096192693838075,
35.503565563293776,
-42.74473625769324,
-5.339523271625433,
-43.278649747289684,
76.33024126163757,
38.15890230680331,
72.42268860609812,
-4.742334785657265,
-14.528648591003169,
-55.63105373142392,
-11.10930521714461]

x3_values=[-94.68787210755396,
-16.81405126971047,
-93.64387033863811,
-76.27101353311232,
-182.70107313621884,
-83.84436764043853,
-161.5006482910302,
-130.72542493072748,
-106.45587249449551,
-40.20337805667829,
-13.464934358926591,
-109.8126656246023,
-10.726901705140518,
-106.56257916600146,
-37.87108263842048,
-171.00710765460138,
-96.64777184400324,
-82.60965940581045,
-104.67287328220044,
-187.57731954108064,
-158.92456092955493,
-111.23327061674122,
-29.468821326214346,
-91.62804000079602,
-82.1533740335587,
-171.15700835691942,
-94.20550907337638,
-141.72556169330971,
-104.34605914462831,
-136.202223322645,
-71.15067129004953,
-179.4437702387965,
-34.869597541029954,
-108.60126072991065,
-129.0150901300339,
-178.09290553052418,
-62.21895114480469,
-58.49388962882488,
-74.31877722031247,
-150.61117144067978,
-149.0211360315063,
-66.38166694019867,
-88.87037052976041,
-108.85141219358916,
-78.6924735406306,
-141.27555933365,
-91.46867389080094,
-43.43275095170498,
-189.62093417739268,
-119.91152363142041,
-128.3223041180077,
-45.123882308984406,
-54.85415061662087,
-144.0021395278597,
-175.60069458577865,
-156.65376385589911,
-93.29359543858058,
-159.45437915727703,
-69.69227706974294,
-56.86030283565485,
-151.1944267011714,
-123.08923475014376,
-13.159288664317993,
-156.86024776047879,
-98.68891483199005,
-38.743651385412406,
-154.36509580438843,
-127.39759588932888,
-40.492542208505725,
-95.01586657201952,
-65.60612491446989,
-118.86169042083874,
-167.9489083139447,
-58.186898840295,
-26.465386685830794,
-159.58630580608366,
-61.06685783398071,
-84.31759714014721,
-134.70619154633823,
-72.05825802187681,
-135.9297865806508,
-51.82745293280528,
-37.08612547801616,
-82.82879984421055,
-155.76378342386957,
-50.54350494483931,
-143.264527553889,
-40.35133127212481,
-124.29698989210561,
-170.56511228557954,
-107.42532076736622,
-19.862329412328798,
-70.47697108875755,
-166.9601753411817,
-87.96717198606532,
-29.834913572645117,
-102.6347145657296,
-57.155232781197284,
-138.99306617742337,
-96.1970282764307,
-11.158830713782052,
-10.93750188299374,
-14.344971996738341,
-157.49167177940348,
-33.79910311577329,
-92.2464619998734,
-111.78279798308265,
-188.10473989462653,
-172.17389939490704,
-79.35855590882174,
-108.7914600938824,
-131.11221634614145,
-48.13407948249653,
-46.13026365746287,
-27.811722307479304,
-188.52547623098974,
-54.738813000489145,
-169.30825275936402,
-125.07911422588346,
-84.71102467087363,
-134.17874105911284,
-24.92315436645233,
-101.57313443997734,
-56.388100962043374,
-174.74662999841712,
-153.53082854368458,
-53.122696453965,
-15.011857603017354,
-178.4764298538154,
-36.601038355600174,
-96.85661679346826,
-184.36300148040868,
-10.39127979758119,
-188.3632614413208,
-54.50439422473689,
-15.916207808508545,
-50.43894491929957,
-21.084624456883475,
-88.67317506357546,
-114.91899222577943,
-179.11613201659043,
-20.5062846054035,
-49.77422535724873,
-95.1783769430309,
-32.199344803587074,
-85.57052650219843,
-53.008198632564685,
-148.12377015419926,
-63.39711081540302,
-60.02822818623489,
-94.55011599972305,
-120.95966640158365,
-73.82359655476623,
-112.96600076883018,
-173.82925514407628,
-98.49059429369859,
-109.9683422999821,
-69.86812761757241,
-55.96320686427785,
-133.46824623210642,
-100.32194827939024,
-152.92292501273081,
-135.3941481647475,
-179.80479809950282,
-107.90768626560249,
-182.0310786763655,
-103.63501924882644,
-176.0890292098175,
-81.68572929156825,
-93.01485719175285,
-89.34799135895791,
-173.04458614807217,
-163.99107896404084,
-141.1337739672283,
-60.721630358243424,
-101.38998728583485,
-163.26727204535388,
-169.6286108975485,
-21.992266485972756,
-46.990277275127866,
-114.43004294161446,
-24.97103287050534,
-138.71368303744825,
-99.61108774586104,
-61.40090212116931,
-180.39139524416728,
-161.8832966715824,
-148.50220358596826,
-138.31794538286158,
-146.31556682761544,
-163.65565706566795,
-116.23375952190048,
-86.46446903456983,
-63.57054718106698,
-59.63496044793976,
-22.8742090143708,
-152.13087722467154,
-86.6069220210132,
-168.4334983914821,
-117.41082097911413,
-183.88951195793604,
-85.84367735867626,
-15.091953572130583,
-163.1220247562655,
-37.647794050990385,
-16.844655802692433,
-91.2495198593891,
-168.7434913473159,
-36.1014964847174,
-152.76375314278673,
-62.617341078522514,
-52.585044409260036,
-33.704502588903594,
-141.89306955007174,
-93.42400128846315,
-73.67028631805707,
-178.75490536386494,
-82.96426897950383,
-97.32342386913392,
-186.92126505366795,
-90.61530580799969,
-13.85674420022814,
-146.67111028095465,
-153.74382724103148,
-72.125935787011,
-59.11001502822535,
-31.39169466006752,
-168.3437469371538,
-121.5003295637258,
-186.03962976824837,
-62.43036187984121,
-68.62819412441857,
-81.23247488380161,
-178.48643937956334,
-33.27230547353431,
-179.95505930077044,
-20.867196389467885,
-11.82011866456657,
-20.09729864915425,
-155.372246904272,
-46.37949662728596,
-128.93231582139535,
-70.6080242300028,
-140.31636923114922,
-18.76402568424762,
-20.734652202724934,
-23.642654026806667,
-30.019992849075212,
-44.58277355079855,
-168.7974759856638,
-35.48411135967034,
-122.82976333522757,
-160.82487914180018,
-94.37406176111021,
-21.63536923074826,
-148.3533204216731,
-18.15093615388251,
-159.27514918316345,
-135.4802080908296,
-106.76657462634346,
-114.31515056322422,
-107.35515348909173,
-14.043715829653369,
-156.05235487576022,
-17.845534766320846,
-87.52072195617248,
-131.3688594974799,
-101.92123862172912,
-172.18611616823873,
-84.15234534990012,
-139.25165035474103,
-112.29131056537348,
-181.7704708090321,
-149.1780843856282,
-113.81933125001957,
-95.51651396980557,
-157.92809645156314,
-137.20593758447365,
-71.31589248560522,
-124.08839042251908,
-175.94660105984897,
-169.82381462200527,
-46.26679450140706,
-90.9055009632011,
-74.53061343371004,
-141.50180838029956,
-64.65092761399868,
-75.35255636816649,
-158.18940861637486,
-67.63827377560607,
-47.882375449322694,
-63.12409313671847,
-164.5062721689063,
-122.9082299772566,
-13.258950283024854,
-167.6823979725429,
-85.33050174211314,
-154.7521338186994,
-126.51591799981273,
-123.69675464910007,
-171.77740768109157,
-57.741362395102506,
-136.49927538563986,
-137.737431248436,
-76.12304808236263,
-177.11875386023198,
-28.02491572079909,
-149.51168961098114,
-51.669585948544665,
-52.10156056395159,
-75.90591850516998,
-41.13932871478845,
-135.14320532472044,
-79.08407625967202,
-147.95032899221894,
-34.440598929262976,
-89.1046106896336,
-26.63552430574196,
-63.06085214979788,
-28.702374298993696,
-19.57761858568235,
-126.91437525026456,
-126.17568935525492,
-85.75893956995849,
-53.95615557561894,
-79.66393998621393,
-109.49470026803533,
-155.90147825488611,
-136.8577639382276,
-125.25188733679263,
-179.26628472295494,
-24.412083334098224,
-42.07203726514195,
-89.69613010468451,
-80.7477248741946,
-28.307984301054923,
-64.33607691811721,
-167.61553603727725,
-12.051414974106908,
-31.702168169526015,
-149.34957830337447,
-15.319736984507816,
-185.60247475837846,
-129.5826604395189,
-92.47522458143708,
-103.19894096385492,
-136.59307687370136,
-143.89365491002738,
-58.88212741852143,
-48.63821596075133,
-78.22791421749646,
-29.743266075810922,
-26.193641476310507,
-75.69191974718407,
-69.15992816086103,
-120.73719811221098,
-169.88708244599286,
-32.446446523591746,
-113.46975329633077,
-12.363183739629324,
-43.757052158284566,
-175.08472306907277,
-140.73187414088338,
-108.0859465701945,
-175.2849406031526,
-118.14665185324355,
-12.19583778922317,
-89.49874924016375,
-50.2398130319247,
-54.36218671445408,
-106.91525059431244,
-123.8280993195403,
-79.6344664225954,
-78.43257001445704,
-122.51558531425663,
-165.2119039798888,
-12.831079111563508,
-183.1732940341976,
-172.75225158346197,
-182.11579963985267,
-71.59572197128512,
-72.73896111144774,
-162.98717793388974,
-142.84489016610797,
-42.91356375023099,
-189.77221802232663,
-77.87714045903556,
-145.53825190570572,
-87.772387874076,
-116.8503668238772,
-38.56463887054744,
-103.92571390206902,
-132.25534648602337,
-107.6924302172941,
-78.86857240619922,
-68.78356185135094,
-92.66127673618304,
-34.669732461840326,
-121.76875076282819,
-123.40505732735903,
-99.098238721727,
-10.253948720687305,
-123.30950311262535,
-168.9519654090935,
-98.11249080129748,
-103.26899967775034,
-19.905177865635835,
-170.84161099908638,
-179.720613082777,
-77.25858131505213,
-180.61594717496925,
-130.49094321676193,
-68.91471239895968,
-129.75882620364965,
-98.37900536832413,
-37.40926322225212,
-52.352972498939124,
-114.62388258871496,
-41.425334739355215,
-87.3674193852987,
-65.43247750951541,
-120.06661975819608,
-21.468603675718754,
-178.86615766582355,
-22.35328811246754,
-15.966585166075685,
-42.003900339855015,
-24.352200935214324,
-61.953846359081936,
-27.20110253023706,
-187.97595215528807,
-68.44069985790188,
-74.71518464504359,
-159.15899279376924,
-129.1852419618001,
-39.33299792736601,
-173.5767977836771,
-166.31571965925755,
-83.20605803800984,
-30.947058841084644,
-133.08181008697903,
-43.92206084027683,
-124.81930054449401,
-143.56440505172512,
-153.31103968328281,
-44.927083403196775,
-67.10426790827736,
-177.65922695149698,
-91.12250197879759,
-150.32673598092262,
-70.29802344681751,
-75.29830629598632,
-101.04489919766583,
-84.34285629692798,
-149.69403557218791,
-37.33858617517549,
-84.6303080396667,
-161.67988210917787,
-162.01346221323652,
-176.71843264879303,
-146.21933617097554,
-174.40905849338725,
-77.79348856652268,
-175.5177788243434,
-87.11288407454278,
-117.64177865470785,
-140.50014412270988,
-144.51985056668704,
-40.66693422795511,
-58.63406148445746,
-64.99674165997386,
-100.81818782443807,
-61.82230907116276,
-116.92819265883621,
-183.81431094962952,
-36.86052365593597,
-91.93096577098378,
-77.09710493101635,
-183.6051038834724,
-117.60136931472329,
-150.80463042749807,
-142.16365260088904,
-134.7488440876532,
-165.43392262605084,
-104.99437365712507,
-47.26258467293218,
-10.084195684500559,
-115.37115963252242,
-26.881478114337103,
-161.08850381640087,
-147.86872140545458,
-81.48448303304299,
-137.92189703084762,
-74.9346146778483,
-134.24163714391202,
-118.99490484325693,
-102.81460034953984,
-145.15940766393686,
-122.33126274078325,
-76.80418057686337,
-170.10238122973286,
-187.17313916142686,
-97.5765384967789,
-77.55724058912665,
-30.57122779758935,
-19.418560800663126,
-112.01797833727741,
-189.95047117678445,
-57.40802385270709,
-134.92010604697458,
-15.688700836730419,
-65.79723082218499,
-167.36465277150143,
-97.9549775244677,
-84.99795856311789,
-100.01969411170946,
-65.10579547468947,
-180.96259875091218,
-95.95298473934454,
-105.80454915408278,
-119.519299327712,
-118.18311011337981,
-156.90057590314365,
-50.69509406696142,
-170.30499464321116,
-177.43113229272376,
-39.371577520203346,
-121.27076258906295,
-186.48655601722297,
-38.93718323197964,
-181.68422690674444,
-143.41524603264645,
-119.15024397090657,
-128.59841152564962,
-34.65165878315769,
-85.13961711776106,
-52.263262192449425,
-22.516974767664184,
-128.68193275319862,
-108.37332658070804,
-165.00613008381143,
-145.98016035199964,
-16.536379419547075,
-80.68981316602076,
-183.38566436998948,
-39.658632791889275,
-99.72204048774427,
-149.90495719838762,
-25.593080126710944,
-165.52846003972397,
-47.49202740184779,
-176.99917983309467,
-182.42062089476278,
-124.35469698862471,
-68.20555643387259,
-147.01768646926675,
-173.99340600881462,
-36.7422187771905,
-180.23791018378262,
-20.38964782525128,
-67.36569701410676,
-52.77946106043309,
-27.963963884175293,
-17.940837417690865,
-75.13203162112976,
-53.84442764646247,
-73.42112548913536,
-111.01803475726523,
-164.22231500267569,
-178.2161852470332,
-188.6202588357487,
-176.18379837462254,
-95.76251569753472,
-148.66067975594277,
-170.46930995875414,
-132.54312391530084,
-18.386106337986583,
-28.47222534977656,
-82.2385597370844,
-90.27071353236074,
-126.7085384351182,
-27.469144704555017,
-88.212699338615,
-51.55349361725083,
-115.71742599267121,
-145.75737366966197,
-176.49298567325008,
-116.63681245738931,
-152.58231553142008,
-56.6219270024393,
-112.51566210260701,
-69.27393469687084,
-31.79628071330709,
-111.48513179468183,
-54.17602132742045,
-160.22606887443138,
-93.96409122536953,
-51.246370708651106,
-160.64144421554582,
-33.11060847895761,
-121.88154973969672,
-117.27334209765243,
-105.38496677271394,
-128.1585621579693,
-17.57009957265964,
-60.85313126331472,
-99.42357552965348,
-55.695155862410765,
-39.917903463457264,
-130.2371398486295,
-80.32205676158367,
-174.30407998528713,
-134.49839473828175,
-104.75814025406892,
-101.63356504025238,
-109.27029781170482,
-15.483833397689734,
-96.22964618961579,
-150.48037793609456,
-105.97846489963081,
-29.144960041774574,
-183.04416489576528,
-38.286270629910916,
-110.16666621085436,
-93.85275048915824,
-23.16407653062678,
-140.04619638267766,
-131.19599857154503,
-83.53183533602986,
-45.84380415959962,
-92.35542607140255,
-153.1797464148158,
-148.80871031083265,
-103.5706788458762,
-18.563344210596057,
-122.09163600545435,
-102.15527602226773,
-59.26662840361827,
-67.52123569640409,
-31.182279716571507,
-38.01665210566415,
-165.91940725331517,
-25.810823401855693,
-26.316483633881454,
-40.82512724281972,
-182.82116534813895,
-101.15280385474584,
-145.24444599128762,
-139.9051419138901,
-115.49005509122165,
-19.292126594673068,
-74.12267376455358,
-64.00795899793363,
-136.0997116799234,
-29.052694746994813,
-137.01570209455014,
-144.80765112243535,
-166.42698838718985,
-41.15666215394695,
-68.02371021354939,
-50.075577749355794,
-173.2021746487297,
-11.710841139075107,
-55.79464327839029,
-130.8995253525972,
-14.821721285732274,
-135.72044112393814,
-138.4016190615563,
-113.59575688876676,
-160.35646592839186,
-124.50544162822557,
-28.86469624181054,
-154.98075339000314,
-105.56361026875813,
-86.74534587952182,
-83.65838359324518,
-53.64650735084759,
-137.3077947075318,
-100.42114498612794,
-72.97141374991105,
-144.1130916162285,
-133.25884961050866,
-171.39768431300666,
-70.7973730941412,
-66.70498619095886,
-12.99031654540059,
-185.38277390273836,
-33.98218015688225,
-188.88315843678149,
-125.81621795257335,
-25.28550156437644,
-110.72732389490763,
-108.21674274053878,
-138.14122371950023,
-110.563570546175,
-144.92936596406588,
-67.04484586595444,
-13.68004282508297,
-25.474563511950826,
-30.390041005826188,
-22.695157822518347,
-184.98986654845635,
-104.00125022265289,
-146.44843111215334,
-56.55556152584055,
-96.4925495449482,
-61.634083502584375,
-172.6034120642002,
-65.96791932686716,
-90.37892061380136,
-158.32530356582876,
-59.37243547915511,
-79.12934158789474,
-100.63839023356135,
-42.30391970937955,
-104.30702680938194,
-184.573620210347,
-144.306306550426,
-99.86829924102368,
-143.10828221031628,
-80.1735402634008,
-58.38021805960339,
-23.996749381967234,
-163.85479456243652,
-41.67780818017708,
-166.95395254670376,
-36.34353871080282,
-23.752502902019565,
-50.881608797843434,
-16.296686122387115,
-116.1056814333355,
-121.08989749269259,
-128.00776520352252,
-90.02706944556711,
-81.97611502814934,
-156.27950069251324,
-151.0269102137978,
-120.4739858831996,
-98.77786619371814,
-35.951828715793056,
-49.40136656751051,
-70.0458667180911,
-71.41879678903115,
-11.395803065273869,
-39.74594843884585,
-186.13962630222423,
-22.97005300348489,
-72.53772045160014,
-137.45567593507207,
-92.95865902799743,
-62.81069196005078,
-116.46707861810219,
-119.31127049913441,
-125.7298582701298,
-145.70076961658293,
-157.23129037761612,
-45.53698794682906,
-167.3183891163444,
-115.27725364782647,
-120.5566790697308,
-105.20698238246612,
-131.8504083590775,
-120.22769590647009,
-127.00174598070613,
-157.75009597659886,
-154.1261779602916,
-139.16214780726355,
-76.76487945124794,
-102.4403112022091,
-38.09657657514896,
-173.73780339625674,
-55.142387664824156,
-112.72245020759665,
-126.35549750981406,
-51.14265467000535,
-43.65736884522479,
-88.61953335398819,
-64.83249482618865,
-186.9971075095982,
-110.91382122416029,
-90.69865220749311,
-61.194373921805436,
-75.71631665266156,
-82.48923755767417,
-81.42406309035971,
-132.73945585149244,
-106.16992259689587,
-161.01870623579148,
-86.26419823547432,
-132.7732115256411,
-41.765816720252616,
-162.25412082064932,
-14.171949644364929,
-185.74056579914185,
-102.99708247869535,
-166.7194663101662,
-105.63963073460123,
-62.02445083685615,
-146.95837448709858,
-67.85178288224077,
-26.01056027299544,
-102.25930797612637,
-30.316708870970402,
-154.28709961794252,
-156.49275773282696,
-115.04155132224379,
-124.93391450679091,
-150.06062281953572,
-58.01372382448227,
-44.34861383763048,
-154.7103544997137,
-142.82827688926233,
-127.19080217676895,
-71.7603144734174,
-17.065516488236703,
-53.27109240620119,
-46.60621820276882,
-109.57982726876055,
-130.367629086661,
-99.18781591641343,
-97.25772570234045,
-176.55404571939334,
-184.80823611899714,
-147.4490027168373,
-118.61041815368054,
-111.64265539633733,
-48.84064455169885,
-181.1720254742887,
-21.703615498979858,
-130.02185896888994,
-48.260559845025064,
-17.321920256988548,
-133.48823712828332,
-127.70954397743682,
-147.20040936762393,
-21.272669344031463,
-169.1920368756237,
-140.42164014938083,
-189.25336216854916,
-162.60289977177845,
-119.74644567319909,
-107.09561069678078,
-72.36359500675977,
-78.12205519824059,
-97.77266874844602,
-113.30502498366062,
-63.713145567641405,
-60.07560731923069,
-186.7198233656416,
-153.97624044775375,
-175.00631052450825,
-94.91771622193055,
-44.50246024211692,
-171.83525737667975,
-151.70739427491014,
-151.35082204551097,
-74.04754545744413,
-133.76246805701874,
-173.397408861122,
-151.64037600174566,
-57.24487627289308,
-117.85403700220252,
-42.677552088280386,
-24.688160859234443,
-76.4915847558563,
-17.483061309174744,
-164.6285458860895,
-69.45657203107791,
-181.27111887867812,
-44.12528508517275,
-140.93029726910237,
-184.6761680292885,
-43.15200115523063,
-32.080737465974465,
-132.16072277931784,
-79.98806445975288,
-86.971984017792,
-163.49714590637413,
-164.31960930613434,
-189.35688785568186,
-112.11817056660334,
-11.582043770910818,
-12.59961708163574,
-30.850661434927705,
-29.40099472980581,
-73.25939679190391,
-16.35804566296235,
-160.02742095662308,
-158.8523983425456,
-147.56748341959133,
-34.14510891718891,
-174.55442028532343,
-66.08326196188679,
-49.496980595843176,
-49.952717288137165,
-32.945245987319026,
-31.569584474919512,
-96.94801427680119,
-47.16871520064477,
-141.95528456850684,
-64.36170378414485,
-22.092084763347074,
-91.75115186881827,
-187.40337746831636,
-48.34065277296161,
-56.24662144647694,
-95.38331052617859,
-118.50226805408909,
-89.890082939086,
-19.001661343962493,
-83.28808139079479,
-186.38079752180911,
-112.81708447908903,
-35.708130740771296,
-113.94017976515758,
-171.58695522722576,
-168.17483721175896,
-177.3421463371771,
-162.28486202223996,
-35.850562411406955,
-49.205162237626226,
-181.53301976206706,
-32.56156214585588,
-115.89878862182654,
-125.93048396836352,
-165.85780145834897,
-27.02649355373798,
-18.93560746820601,
-125.50715498826831,
-63.847875852094454,
-47.655936942928555,
-152.20451310845274,
-66.22094699339752,
-159.9252123838628,
-189.09160755896994,
-109.08330610628703,
-24.187215925830163,
-110.3271414672169,
-142.3809501958745,
-77.37573615823392,
-80.46786035343057,
-14.519395494304614,
-158.58123376288364,
-133.9950798102096,
-185.18810688806622,
-43.03206145194075,
-180.72183970062352,
-162.80950365530052,
-122.24982643798674,
-80.97408074536179,
-49.03081864365842,
-45.29004258058441,
-10.61005173405976,
-139.65366097506697,
-161.21450737826817,
-182.59503253785917,
-127.84049156968356,
-27.307452301691917,
-177.83610809830722,
-87.60345037486489,
-35.11125988174584,
-184.15844156202573,
-42.51779053935301,
-157.37019637974646,
-39.01651727739605,
-88.39552842285403,
-172.52697334794522,
-33.4080179954187,
-32.73466262786691,
-44.773706476516196,
-53.52470648802229,
-138.63937386625554,
-70.91157227625592,
-59.73844913533012,
-55.35255754228127,
-139.45234477680768,
-86.04142984124292,
-187.75416712170698,
-35.27634246070357,
-66.6839473725388,
-46.75444422854089,
-155.11827638486733,
-55.52136462029928,
-60.44302271856913,
-158.01083214480747,
-129.4284357428643,
-164.87424574338178,
-152.47537785709932,
-151.84700726757808,
-155.59845742433666,
-114.12904195053484,
-57.60731285439837,
-166.08140041699954,
-142.56108552278192,
-60.243116309928126,
-23.445086472530495,
-131.54094487796166,
-73.08338853836716,
-131.988356072873,
-45.67531278157957]


########################       HandShake         ########################
#Hand shake start from x=0, y=0 and z=h=20 cm of the tank

amovel(posx(150,0,0,0,0,0),t=15,mod=DR_MV_MOD_REL)
while True:
  if check_motion()==0:
    break
  if check_motion()==2:
    time_real.append(time.time()-t)
    real_pos.append(get_current_posx())
    time_real.append(time.time()-t)
mwait(0)

amovel(posx(-150,0,0,0,0,0),t=15,mod=DR_MV_MOD_REL)
while True:
  if check_motion()==0:
    break
  if check_motion()==2:
    time_real.append(time.time()-t)
    real_pos.append(get_current_posx())
    time_real.append(time.time()-t)    
mwait(0)



#### Start the LHS ####

all_directions=[]   # All the points from the LHS are contained in this list 

for i in range(num_samples):
    if i==0:
        direction=[x1_values[0],x2_values[0],x3_values[0]]
        all_directions.append(direction)
        
        amovel(posx(direction[0],direction[1],direction[2],0,0,0),t=time_move,mod=DR_MV_MOD_REL)
        while True:
          if check_motion()==0:
            break
          if check_motion()==2:
            time_real.append(time.time()-t)
            real_pos.append(get_current_posx())
            time_real.append(time.time()-t)
        mwait(0)
        
        mwait(time_stay)
        
    else:
        direction=[x1_values[i]-x1_values[i-1],x2_values[i]-x2_values[i-1],x3_values[i]-x3_values[i-1]]
        all_directions.append(direction)
        
        amovel(posx(direction[0],direction[1],direction[2],0,0,0),t=time_move,mod=DR_MV_MOD_REL)
        while True:
          if check_motion()==0:
            break
          if check_motion()==2:
            time_real.append(time.time()-t)
            real_pos.append(get_current_posx())
            time_real.append(time.time()-t)
        mwait(0)
        
        mwait(time_stay)



 
with open("/media/dra/USB/pos.csv", "w") as file:
    writer = csv.writer(file)
    writer.writerows(real_pos)

with open("/media/dra/USB/time.csv", "w") as file_time:
     writer = csv.writer(file_time)
     writer.writerows(map(lambda x: [x], time_real)) 

    











