# -*- coding: utf-8 -*-
"""
Created on Tue Sep  5 16:38:42 2023

@author: Admin
"""


# The particle go in num_samples random positions in a cube of dime_XY for X and Y, dime_Z for Z
# do one line with (vel_line ; acc_line), do a diaguonal with (vel_diag ; acc_diag)
# and do a spiral in time_spiral

########################       Parameters for the code       ######################## 

import csv
import time

num_samples=1000

Diameter=120
z_spiral_start=150
dime_Z=120

#in s

time_move=10
time_stay=0.5

time_spiral_1=120


time_real=[]
real_pos=[]
t=time.time()

########################     Useful positions   ########################

# Start point for the Spiral 
start_spiral=[100,0,-(z_spiral_start)]

########################       x_values       ######################## 
x1_values=[71.61512829660705,
60.93075477087929,
70.54400647329405,
129.26715186714128,
33.7092171400264,
122.7469701353584,
131.44207550963168,
114.54554722317393,
137.58276440375948,
94.09867781795425,
62.79529892390542,
59.995957246124966,
94.36455302609684,
127.70784949321413,
119.38048860666163,
108.46991303224998,
82.67289047233092,
139.75443983315498,
37.232097957765504,
46.5311954778791,
34.81842700972433,
112.68786335917453,
53.071650940944075,
156.85965260725834,
155.77855464636826,
89.21984788290368,
178.3402942511118,
48.23777562377239,
71.58399388606081,
146.95491591684817,
77.13672306071047,
166.5305622081966,
158.5086112953625,
115.87257741976047,
51.89435223759551,
120.36041057891624,
138.53943684715756,
120.63883037248158,
129.04516338326903,
73.25663299772077,
54.90930825535208,
133.51336764191373,
66.38676036373744,
98.7649675396214,
146.27879425269475,
118.16472786882444,
173.985306413742,
84.79014639328412,
125.38631039867853,
28.7057324976998,
103.92306412100183,
77.57033715489442,
75.55078230104314,
93.8682448342545,
96.72368620024307,
148.8688604198376,
43.21831680138255,
151.52804056659087,
111.43441658139538,
89.85858491021185,
149.62319118349222,
71.92961364453537,
139.79785977755262,
43.3712565291559,
141.0091591251683,
73.80926995927454,
123.52751910079756,
135.74951865880033,
32.25449430031429,
48.48259600078394,
104.46775106507661,
62.150852796595466,
115.00708987030039,
123.1545095230317,
150.25330836708343,
129.33172739633454,
76.2705484533579,
161.9906533421769,
116.47246225065561,
72.0806648458087,
145.4505576688781,
105.2432325916351,
75.35386700355345,
131.58961094832813,
44.14520759440522,
90.28115074800358,
118.65061697106508,
103.03820349453089,
119.52133335395689,
80.4018241613312,
76.40943801862178,
97.68067625816695,
86.75748992150696,
56.08665288210779,
83.27791522580465,
146.431890876926,
144.62064325508277,
87.83116603948311,
103.01776837516678,
145.73803223282033,
111.88310548615941,
155.263746536232,
59.83997617195708,
144.6819969366725,
102.2716023704703,
167.59538588493547,
126.11523055644025,
74.40967821543899,
81.79943366058137,
150.03720974055483,
79.36653762562071,
92.4626483502782,
143.04580532470493,
121.93159667471505,
116.1772366479508,
136.3908646240033,
168.4252251511059,
164.1860306969455,
94.36575824359628,
102.30269286719734,
107.94238737580791,
139.80841005746015,
102.75962381118912,
115.03127707577946,
160.58404042589498,
130.1241230501813,
112.94128582070655,
126.36218011117373,
139.84269433908395,
108.523529616327,
106.08700689709728,
51.16982757891034,
63.42208542303459,
91.69752134129725,
113.41886461953791,
137.03451476404211,
32.21323829163386,
111.0516026767432,
39.23532121766024,
94.23528934151949,
55.799548071199766,
40.55593797444336,
32.44907272383787,
78.220041594491,
101.92828595877518,
162.26483320144595,
125.1601817258602,
148.30726134483967,
101.83330757229365,
122.18676251720517,
30.1075657482734,
69.72376388102721,
42.19807553859974,
164.078840847154,
82.76957603821252,
126.98741163894015,
134.23271773660204,
113.95289066834962,
122.12844149208776,
105.52473384744204,
137.62567885908237,
77.63590142060119,
57.7486770288619,
107.7629320002082,
115.67122871112603,
27.51390423640204,
133.637028729547,
92.02617310778477,
74.20071181843967,
111.69732000718236,
127.03020996957945,
34.46297398439624,
62.34280962982391,
121.95245641070719,
84.56819228130355,
56.966214687333945,
138.2433170866675,
152.2011345493146,
39.97539997613598,
57.76495696150369,
95.4458839858847,
100.68001988660302,
76.22716926702697,
151.40192615711965,
89.68085008910704,
171.95035620212604,
132.07423982066365,
154.43336352708417,
161.77326476391005,
169.1771733422137,
94.70679741491239,
155.7957213468449,
69.41625392250347,
71.77467013485625,
27.88178994813414,
155.87358661424992,
54.27015020666724,
122.01983285267363,
166.53852341504515,
110.6410952703682,
112.71252821159423,
161.69192352217203,
126.70397696605639,
155.04827940355676,
159.859264158395,
86.75279294275744,
106.21574630718436,
120.4343067636122,
162.35335503515,
148.28696209582847,
155.53432192047507,
112.48225954296642,
110.83454987951066,
86.58979935572779,
166.7994424336535,
175.1825898427934,
119.0622690610519,
45.74141128690651,
104.89373357536718,
63.97010083242986,
44.75052034443047,
95.66497637606585,
102.82738204475933,
100.12751684468584,
94.0941515235187,
130.11892872538698,
125.55616947722731,
111.4721268067864,
88.93302903763852,
87.75307976042778,
93.24769259327864,
64.2995034942561,
111.41936203854131,
123.53455246423857,
38.63596842733402,
155.4581149273078,
104.0452611332736,
136.73064708601154,
79.62977022545894,
63.96449263981832,
141.06219202236215,
119.14453832184682,
130.36469057572097,
91.82626371669454,
127.34089600743222,
108.30679731995437,
94.0177523619772,
94.31068000573765,
107.19413958817269,
87.58472084059622,
107.36622328504696,
166.11048510194908,
67.08835948093423,
84.66551243725488,
76.08793608867387,
113.18505887772676,
160.26951319288395,
163.76531051754347,
90.59011520173735,
143.31096216061889,
133.08678377652606,
103.51492271486555,
53.149971883631125,
147.72862185984502,
143.54528829603515,
139.32824433554754,
58.14508471436659,
147.95403974878565,
116.36390878475271,
28.355251277124452,
100.74348117876622,
55.22794296600859,
45.70151686984897,
56.0818763061064,
91.20009516034163,
80.7088182121408,
75.81148758411871,
37.199635353272306,
138.23040755987736,
54.13651866875032,
148.98889447945436,
138.468197716101,
26.17256714043809,
91.98371684715545,
107.63198261206503,
54.174450542291005,
111.24808804686126,
55.046530558986646,
92.64313029719379,
151.88666791022575,
135.59558407324343,
74.49312134540276,
154.20582587578562,
168.23939486302316,
150.5917305431655,
110.76311560990872,
121.80538958249358,
152.9959356770539,
136.29149976901422,
146.13290091634502,
102.00047947670289,
161.05618108592347,
95.84741227285072,
175.53013199949282,
165.52668568108066,
127.03264575554891,
30.5120552723931,
49.633173327985624,
159.36611914527012,
124.14740321015844,
128.8193604756197,
44.50802943819578,
105.05142588326281,
115.13088674245797,
132.04725342171605,
107.78547531179173,
156.05108116913112,
56.10617873691875,
65.45077619177025,
101.71105806637101,
175.6410828247033,
69.45826880228556,
108.47719606948354,
134.1919448438778,
49.186953214146094,
128.51343548842982,
164.15196846844725,
156.64011608574492,
61.01555768542273,
39.374889935129396,
96.11564509843645,
58.93513692997596,
81.1629944949168,
40.325946265624594,
72.39761973172946,
146.17623256828037,
119.13136513391409,
96.00956404214696,
75.90593543213589,
48.62983225849935,
61.23483063276496,
94.31984198350133,
39.00646079673224,
152.73746308097282,
97.3953327597772,
155.13646563753554,
75.84170112556785,
98.0485917538616,
130.02304626120957,
63.99098735381831,
136.80403779468855,
81.31693100693064,
98.58717230170767,
131.58669623492017,
118.10017111416431,
25.37078337923657,
52.19287742220907,
172.4317709810196,
43.62616702636261,
95.4322379108184,
86.76643990969478,
52.237772328830026,
125.90625075157635,
136.99866034423934,
135.72824735571564,
51.813511261424935,
97.74423336462527,
134.8350113286635,
51.33876402776946,
117.14932204393779,
58.27960958089491,
55.160012962621146,
81.58774380389684,
128.33922473623358,
69.64686491171854,
101.95077154655496,
25.77170560294465,
124.28942523022943,
133.41874934836346,
165.48133000946783,
91.13769447757204,
129.4903869054701,
102.42878316159509,
111.698761733117,
66.48741643312522,
73.60640197250399,
73.98337449329927,
73.85030918327628,
57.64951404082424,
160.2673784064284,
54.512828168100825,
163.97053350562638,
144.94816723580158,
29.574237770424176,
170.5762330360446,
109.97154190045322,
54.770433581931464,
134.54523021283038,
43.486069994391045,
72.8018687514796,
33.618579147559075,
144.31028307088633,
50.91861674061921,
74.80148453000984,
81.56397224177186,
90.88100454468454,
113.03908144244848,
67.62215931477392,
113.91851402102135,
166.3129808122332,
94.07893323752145,
102.02265610575778,
45.897313847329656,
24.58223179228986,
146.45125393601467,
32.89501073259369,
79.71732544961228,
78.0525553811027,
60.1475069164024,
118.26977514316125,
173.54765946269782,
133.93949622683593,
109.39589288767175,
162.17942871546308,
30.951703728929814,
171.96055918807963,
125.07482788802857,
78.13598950216569,
111.85810013499942,
69.2293928856582,
65.18539305042195,
90.69921784860105,
64.80864810810218,
53.85693865463862,
92.27068541728194,
66.48618324694952,
105.42990938509107,
101.78040093053902,
121.66241330964927,
136.98859688429897,
109.25132069434548,
86.77067657409799,
100.18882541361191,
94.89387588513897,
50.38977773272421,
68.51555781327703,
133.3422010333507,
96.56284168044728,
148.24041635047277,
108.47623092611227,
58.65417785394498,
134.6396835450829,
161.3983578582595,
58.88325656523547,
121.3268372829994,
138.74669229573644,
145.97886423526455,
113.65011319648644,
129.92107055357474,
42.99139141420913,
116.66799784602398,
75.24513455960248,
84.73726128870703,
32.1909121979825,
61.14205407570351,
65.48525721833202,
37.98641406647154,
154.12926174156502,
135.80060529703044,
99.63911731421628,
50.5794654034505,
88.50785216331735,
93.68865055740169,
113.41110398950308,
103.59744305842658,
92.47628559542567,
154.39922275891846,
133.14383509767754,
49.5662973000115,
49.48811348100929,
135.79933951686593,
114.1374323411073,
140.44173933439612,
68.5079271403601,
127.28105805391259,
67.81012445205725,
72.00025032964206,
141.80351151579214,
120.24970972774649,
41.920834558630716,
107.45508618255009,
169.1679864748983,
163.4730846087018,
59.234403324838475,
100.79106341028773,
48.665982673818675,
39.01157573534632,
81.89233061427205,
28.16212801206757,
30.049028849494576,
112.89107528313792,
79.74573531622147,
126.42054608574009,
130.43998471000052,
129.77619426615342,
82.96912325940329,
96.42528955501675,
131.70132978675946,
88.97895650787203,
134.2785562631432,
83.27157434361294,
44.57491588284134,
111.68756120869766,
130.56328153936653,
133.2936647751715,
146.85246577031262,
156.97564804200223,
42.21589054758545,
46.868886041452406,
46.90563086979788,
107.15109421464204,
64.76267124008484,
140.33900056927084,
113.75227758981785,
148.86468595951158,
163.55135615234346,
68.53623012313409,
80.94067225456146,
92.79722408605011,
175.85237486174282,
89.42312134032605,
67.85025892030346,
126.9559213288266,
80.93778717018128,
68.75766335637171,
56.300103326622256,
36.66193932265928,
100.99615830913847,
166.2076613021949,
105.7368953447923,
126.83978533668059,
126.8118631927556,
42.629973590005484,
157.88158039606273,
121.87750753173833,
172.7432992122678,
98.62183546450684,
44.26641609903983,
54.25528790071029,
48.152656020705216,
82.94727252668169,
149.2201118590062,
113.94933152886848,
109.78239101543892,
69.19681223104982,
158.04333692295427,
127.64616861960072,
117.78645012343989,
97.57765597113308,
97.77248860444367,
56.913085380644866,
105.27270642572147,
22.999244148229977,
155.313176563762,
146.9809015706535,
59.62948220254773,
149.82238027656143,
35.17750485955412,
60.515652772338534,
124.89741791350244,
39.621083689915366,
77.69219089566988,
30.984932577335883,
25.00984557492606,
133.3902082946089,
50.903346277972176,
54.780584117896275,
62.71192464006495,
83.82142889957294,
75.49191215906691,
46.18823618970025,
135.40043749172384,
175.09493336255747,
65.41493028514024,
140.71063821285125,
54.108679997260595,
44.9733817225258,
108.56344338957238,
31.231862832320274,
86.10291093098135,
69.85884718172116,
105.57020774572469,
129.50685587221483,
135.85702108007064,
70.81759254401989,
50.8420482992642,
47.03260658799515,
73.06684865977999,
72.01311708670505,
149.98830907896908,
154.7488771949805,
100.33402784299422,
95.00660759970506,
73.79859872110872,
54.588312086427436,
31.514416463855596,
48.92622266688209,
124.04294006012967,
105.63264212592496,
101.91052528417418,
114.1943418274044,
64.36138709609105,
125.76170048796531,
139.77379736103097,
55.49524793262318,
83.4277945831668,
74.75980508895701,
146.31987405439938,
84.79830584164098,
99.79627535380692,
84.63228101505004,
92.52788857706494,
30.775677503808694,
128.86140184924417,
107.58177092978933,
30.869292108138424,
123.55372735070947,
45.7023076147862,
27.450474714547568,
84.43630987164663,
120.00573909798857,
143.10939104630717,
86.6741438705551,
88.20077192528774,
136.7692086400054,
20.964105136059047,
149.40179531347167,
76.96181021398434,
91.06994353942203,
42.082388975615025,
114.49459738615428,
177.99013988578213,
129.7686880439347,
132.35557105383592,
165.42860583208227,
141.23840076810347,
72.339605055552,
129.0117037629794,
172.89688273108982,
97.81005039460703,
164.96269879768414,
133.75710413175267,
111.93853537269436,
136.78987462441475,
32.25904436686753,
117.89819575553145,
69.46653429919323,
93.85497806675569,
90.78641710544363,
77.51136873777736,
166.05235217425246,
143.827863890099,
53.223326537122055,
59.68542545455968,
79.13215029741987,
95.53738166112504,
106.21848418932456,
96.05254512958469,
23.87810331507157,
54.07674762165414,
72.71700017869429,
170.58815491681864,
65.74182123613517,
168.78216707848205,
118.04874541768005,
147.32694536380984,
113.94536291520117,
117.26218848236077,
62.04659314393371,
128.71898101701183,
70.01345738861643,
77.6919851798699,
34.90815003144807,
59.61503226307874,
124.12779438007624,
57.93056968349012,
132.399026113834,
52.19627826495717,
43.126752924460284,
66.88050967269214,
124.90199986158144,
36.02809496869393,
79.83790455481727,
99.17414860386687,
93.53638742430206,
75.37377731629034,
62.24713596951195,
110.08249022297414,
131.130587217369,
170.64099747515377,
107.20311121013705,
120.27662312305317,
31.547672719406208,
102.45739706513423,
165.17326462815635,
37.38842355620001,
126.78325078446645,
127.82541959989528,
133.76567698274826,
142.01223028775956,
169.25669854289242,
132.656518700606,
127.61907288338584,
91.2971593912921,
169.4023682979366,
130.99601192717378,
129.5211938612341,
102.83753395418788,
83.73642309953757,
51.2983214331609,
100.99472719727093,
79.97711610745213,
140.8162812843096,
162.8218126712914,
117.11468928517374,
169.73529452096614,
82.82609113518285,
97.72168387942298,
99.99257413578368,
40.044327495777736,
76.78645611995285,
87.94336562033247,
77.23812744189398,
109.45148941813322,
72.55301500251313,
83.24783132890829,
171.10843032901923,
22.354074704759157,
133.20649042574604,
70.53921764810457,
75.8413955637643,
171.8186803387485,
111.19423099199852,
152.7923677654928,
94.96661510085944,
164.62046547710958,
128.9635977892952,
152.6495858411326,
46.09801223950956,
78.15956404064077,
139.92593136646695,
130.3125194848698,
114.01911100700741,
135.4653137818882,
133.4514865678701,
175.8905639777186,
49.01055856869163,
90.47235866249692,
72.67581585348643,
92.4992241960356,
98.2139853395855,
121.76799795307339,
91.68010100153737,
28.662589814890822,
67.44183628162595,
58.780304132422,
120.5294014081465,
81.75346720546959,
98.54422912528703,
148.55847891417898,
129.7315060226599,
86.22577614337206,
84.89105282996178,
136.64029222450472,
130.48525752362582,
113.56010931171194,
94.73184746568265,
122.57244881734384,
80.47593583995166,
80.93974780661955,
110.06064771893264,
176.21453145589703,
127.11694991048377,
39.179856547900584,
90.33302669058939,
129.18583985397478,
126.2065421918016,
60.33628879292746,
81.72133878326206,
115.197867173996,
59.089580393136195,
170.44715208875226,
84.22702654209685,
104.19623435297407,
139.04925303768158,
153.1632561527789,
139.77610078361212,
119.51783926821223,
122.69805535185718,
81.35378978314452,
171.07757555369426,
45.57894829289017,
154.46830383999819,
108.23786416696213,
133.83871769472609,
28.30608005093339,
72.88090484068145,
25.31095687158566,
159.84404146684184,
145.88900868987338,
148.13177188474626,
98.66556764897119,
107.94520792568991,
71.43041289376352,
100.30317127780123,
46.641731238030374,
41.78792635462617,
93.47204794050498,
47.05091236936192,
85.12637264068363,
84.11874699382749,
68.46672341260798,
39.20596968427937,
107.31393713097005,
160.88314918342033,
52.781767679190494,
82.21881170688222,
37.38023434807229,
138.4200648124762,
77.11908702185342,
41.18503886310418,
37.23373931633772,
39.26205631506661,
83.4233905714516,
80.7517001755234,
93.11486153718168,
110.44660200097172,
34.90628163593351,
62.15117361690126,
80.65021577865008,
43.71889039384574,
73.36038404447926,
72.34709301896072,
41.92278814705732,
145.28053679087213,
76.69191648623996,
54.02865068463336,
73.66949051202262,
90.17378461922947,
151.82619861588228,
159.28836343290456,
44.24588883030598,
148.26708098213092,
35.41435400187524,
142.0382405606889,
117.81070606919134,
143.7791982669078,
140.09079172382135,
108.26649723171741,
44.66342263087807,
58.28006812699106,
164.02720922864597,
126.87468053072232,
48.63488125729576,
133.479535692826,
134.73215644259585,
157.31962733351637,
122.46715419483237,
96.0224644933329,
55.2067143604707,
82.30225870422706,
142.1740340198659,
92.19773676804995,
91.49283249495042,
91.15139785445695,
146.6959345149552,
58.3346163492044,
164.2807393416993,
88.12902731620534,
39.008765535003725,
39.84673130352302,
77.33383044995097,
116.35674785622685,
75.90608870676989,
150.46628604139906,
45.92241544790706,
37.73343092526554,
113.69694405128722,
62.538158332901425,
85.5040936826601,
165.27947545278425,
164.18480423054461,
41.95894474084238,
35.13679855728836,
117.18081549358764,
95.60830316991525,
27.416841107452868,
67.34953192350747,
86.96949804584983,
88.54526547166441,
61.07694491661948,
30.159890187798013,
112.43591393777572,
72.93142508283037,
153.3071747964105,
75.30390574176272,
135.52681245152962,
22.119081837779802,
78.98871081943463,
166.7444615047374,
127.8897957208015,
41.533761293285146,
171.228887188842,
125.37295099656151,
72.61652304461305,
115.93940628219103,
167.08038619879017,
159.66474397886017,
153.69394212017315,
128.45794049755676,
29.60364949310444,
80.32106273610017,
42.78034837562941,
148.17314532960592,
81.32573597431087,
134.30981716714186,
130.49529272750627,
120.2975446323556,
130.55804417016776,
63.842351142996435,
86.35604924766675,
63.90714194866116,
92.95222041533071,
44.85222146748349,
105.63255746095363,
154.91314207108798,
120.48463996299223,
76.27009743855801,
101.35050699611075,
151.73467227988527,
141.89125381653946,
134.82948420301182,
41.443535315189834,
133.85210738223063,
51.43220070506317,
93.7704530625428,
27.712277338254324,
77.46815783677701,
89.36893535664859,
129.58496028888908,
128.05004637242695,
99.64561443585295,
156.28453267314893,
74.18689730392921,
115.6612439298185,
111.18154016367919,
65.7014673224316,
67.88093533823184,
87.42716232654918,
149.15057344267544,
115.51257207852866,
44.583135598229255,
117.09282020580744,
145.8228844859506,
102.51264023772482,
42.181338859250005,
91.02047312332269,
39.242203890143955,
102.23531387558457,
99.44525060513692,
100.61804885645867,
106.73600307607596,
111.71570519866503,
134.68696634571052,
86.51136232895375,
60.93833348382853,
89.48224395004928,
132.02202809610205,
165.10618493058038,
60.440229493984866,
87.8534782535364,
110.54607423408844,
56.77986009348971,
126.76692649197922,
106.07455700098728,
127.16675247934809,
106.79841932481092,
72.99311530237037,
124.95284066367233,
128.59810457882065,
64.22775821892445,
146.38104912624155,
154.4071276690807,
93.75190506685978,
134.0019670417783,
47.646872605955274,
89.55076135919637,
92.65642080805056,
113.48755933543634,
60.778619495270675]

x2_values=[13.893023095260304,
4.766835508505672,
-44.39859407775468,
-21.128533955599625,
-15.249778014354007,
64.18045833785008,
-16.344722204573518,
-55.16452364958607,
-6.144582708227418,
-46.116109887162715,
67.52492578142783,
-64.04841797630455,
24.568334941207862,
-55.87220214700243,
-68.46158878321825,
-4.849642595728998,
33.40060633408276,
2.704405339700165,
-3.465184256513684,
-52.35157978197663,
-10.82153835399983,
-15.714754204676513,
43.91889435026419,
-51.23046468706492,
-8.781072289860015,
67.88483556661468,
6.329547062623197,
-15.236475671031736,
6.67969925648107,
49.44709950075761,
-11.950948911876877,
-33.72057046087484,
11.547224176963317,
-77.19047587119336,
25.355061817579152,
-33.0570343765662,
24.06670769547641,
-37.38825939409288,
1.3024273006781941,
71.39135095846315,
-26.1774327136712,
-44.921035951380745,
-62.19444289042819,
-44.7283114851922,
-0.49606274883696505,
15.852438343398054,
-16.725344763442596,
1.6627521917611632,
-21.266946670533418,
21.626038474643842,
38.463615491920834,
28.594834496861314,
-48.21668038838633,
18.749540754979012,
5.109715149982607,
9.042459002015358,
-4.707061771802307,
-48.33257211041984,
-9.17388797171398,
37.56372924262363,
-31.02523030218278,
46.131522447980075,
-10.167451985637426,
54.7712028992533,
49.89026368856724,
-39.37454484498611,
60.01248198915035,
-54.935531282227835,
-15.590805849857661,
-52.14168010358739,
-69.25397552030613,
-37.44052349621617,
77.97539809293767,
1.7171340904005061,
4.566299466006196,
65.63748392583487,
69.61244385685299,
19.402678146564714,
-13.904892665326306,
62.39813190628952,
57.591742234330255,
-43.598960146406206,
-2.2339945943051607,
41.88644770486311,
-53.69839443000231,
4.294337304802216,
-55.26767775786443,
-25.80590980075253,
42.78035397352449,
-39.8156316832019,
34.09181040229899,
6.326825501571349,
-77.03696171118624,
-16.283126401520438,
-54.769476066995814,
-4.005680461344559,
3.7052863966636664,
-76.79231652418275,
-0.7998752388742975,
35.589441742284066,
-43.638401456339004,
30.483527430527626,
60.41262597149822,
50.136597510173495,
20.85261878446395,
40.008767461203156,
-58.27728382036735,
30.364803979084765,
-72.75399580350593,
2.7975038789659763,
35.010958900396126,
-5.433450957734736,
22.164554245473234,
-67.86859811324268,
11.008090978623523,
-18.853868319477677,
-8.936547379723219,
7.365837920004356,
73.28606396883626,
-24.934972470297247,
4.220520573416486,
-19.724439968464626,
16.501293953938013,
65.99875248262353,
26.271843142879867,
-70.57137747508517,
-52.95411049513928,
14.316677323325692,
9.425275413537435,
37.543250816202544,
-10.221908297002775,
31.334914911620253,
29.05271665118135,
66.17631362605998,
17.44052193670609,
53.92188461583706,
-0.979036977828012,
-38.60229255156878,
33.98339310532854,
56.09673605834571,
-44.8032440779617,
50.80215186031758,
36.59104696960707,
48.19725551247871,
29.581200025932773,
-42.42331502825597,
-47.26936325935293,
-30.612877987797898,
-18.884002892785677,
-51.59344780052351,
-31.002025700866533,
-36.421916659800345,
45.843789279818566,
-31.593835577498293,
45.01060885525607,
4.110040850294138,
11.21253401290573,
71.49304863073874,
67.59429186803727,
-45.82950346519163,
44.22924625887007,
-35.67393324244293,
51.47476861056284,
-66.18941814419328,
-64.27675286328399,
-6.904869970921081,
52.08877299482896,
77.40763140008673,
-35.04261855134851,
46.77021164752524,
65.15025158669445,
-20.18266255163319,
67.07155734918814,
21.490145527540157,
69.51313829900907,
16.3417302819856,
-35.07000314042983,
-6.061043342931323,
-33.31455525314009,
1.2508387062928867,
-33.15010277690877,
-9.83544484179323,
34.31909602944174,
-19.385913419406197,
35.21176243818298,
5.3312196188285474,
7.112080915345062,
24.86507527437897,
12.078181172469256,
-16.086866192128713,
-12.309942021315116,
-21.103758892990477,
64.61563735828172,
33.83787561345962,
32.61779815163112,
27.07858376034812,
-20.901225468518334,
10.714856119832552,
39.659022769176744,
20.864648304975795,
41.1659630189942,
2.592770156369375,
-30.18460351755409,
7.988730938381242,
50.709189913610594,
28.44331530721889,
-6.157745768706867,
69.9963937118086,
2.238302519651301,
63.1256888701767,
-51.45409114312145,
19.257735225587584,
55.20259355174774,
-17.252870272177027,
-30.94550132305063,
13.71450278854034,
-52.30210199264264,
1.6749968470484407,
-44.402571310215286,
10.359851572738624,
45.14794257931321,
-70.10538760652804,
23.758031443683393,
63.903926765928915,
-56.24683769888533,
11.126126884500477,
-62.696380128059666,
-27.605773314844207,
-42.70358278934847,
30.71439899632388,
-21.537914450958784,
44.17365750117767,
-78.25744374883685,
5.481162061828201,
4.31591313480003,
-27.500213114745687,
71.582800955549,
-64.85878680689564,
45.18881368896317,
47.30455897648717,
-2.685733262002636,
-61.79773099633286,
63.857567534775605,
62.091336545705836,
-19.04391069740445,
-62.1397475392347,
-52.81494346332948,
-76.65038907492045,
-43.13904288648447,
13.443906696689282,
-61.370800264307064,
-44.27874445258225,
62.81100985355885,
26.35295895052136,
-27.19660263265114,
11.456985257033336,
29.406410819471272,
-25.062684814266863,
24.057442319926416,
35.274029197200726,
40.404032521287945,
14.004650878511026,
-64.62726235397193,
60.95560728554213,
63.751174610280245,
-29.90326121004182,
14.343288603502694,
-44.235324827744364,
-30.057797677145693,
-27.028509472684323,
-47.59910494243003,
52.34442611348928,
11.242573572299344,
-59.76609458332992,
-44.239776684032854,
20.095250178755915,
41.55059727767926,
-45.12256650963617,
-50.685947698086466,
30.49076906523263,
-13.843628149159377,
61.44639921936323,
-6.315632958948881,
-15.266511509951268,
-13.070245930187722,
2.538805939063345,
-3.3249074777231375,
41.57036993182806,
32.403393088303375,
-60.50348570685049,
56.99997688109435,
64.42006136915607,
58.78307504384784,
-21.69954551514417,
-57.12036942958642,
14.200587756087604,
71.80091164653162,
32.77307823355539,
-44.82777675402255,
-17.357888360353105,
68.92730718542578,
6.485405257912251,
70.0693588270402,
-25.61775668806231,
-25.64165999950044,
-62.83501112868739,
7.424742799258951,
0.4559902265491623,
-47.81864866942098,
40.42709250587819,
-33.92160964028291,
-32.262710104518575,
-60.2849004429742,
-69.14064532224158,
-19.047849027482766,
46.229317318962,
-43.27850700809848,
-46.17490764878488,
-5.056563623966541,
-13.152473529380964,
-17.159132035339358,
4.347918315939003,
46.81194221188376,
60.122825257403065,
25.130281767211322,
-39.484561021503794,
37.595421113117645,
32.29136534691215,
43.42782554807198,
-9.63898311913437,
-77.59681537942662,
-42.43393508210754,
68.29496166950636,
-29.20825208530288,
-33.331542129863166,
-22.924822237853274,
-40.73939843059144,
-5.0393360942999665,
69.35834026917478,
26.507159387494916,
10.511334553855336,
47.140887296008444,
24.843590035066246,
41.76009662315164,
40.52888374001596,
22.517362768522826,
11.577976693601485,
73.64969286253354,
-11.281280163862519,
-63.063401297911646,
-51.49103637896661,
10.951603866211054,
63.63154883001466,
44.98802700752757,
20.3160988063219,
24.45488095055294,
-16.300774526699417,
16.945804875001862,
31.936043657974718,
-64.64037358451868,
-48.19613344959992,
44.55411292217117,
-34.351644893771216,
-40.94648819453893,
28.37915058083241,
-46.0518318717102,
-26.396627782796976,
28.429110520284407,
44.1744455719638,
-48.82113702286475,
-58.458108698424326,
-48.93016847435028,
53.69152940898141,
-28.990501494876145,
-18.60287451421115,
-31.346665874663508,
1.644540430347476,
2.222061262053847,
57.97991793476499,
-44.4981340635042,
12.980492015070414,
20.42551290138313,
20.226253427227093,
67.01413407296272,
-4.034427305623258,
7.698603718781405,
58.307660081371495,
-71.36736581293593,
29.061516467937782,
17.457142687390526,
-59.34891513211183,
19.204939883717447,
-41.63535448855678,
19.110984928565752,
-16.29867524767993,
5.510532930842425,
-23.765285904020875,
37.85115343983331,
29.946888354553867,
72.73307412503425,
-25.17298545263902,
-47.350983332326145,
-17.439121105357565,
-61.17960206639663,
3.43086679781482,
-13.209739465890825,
32.14242597397023,
-20.694421886365223,
76.69139525389744,
-22.46640098694079,
-5.493866260841675,
-50.60565717661149,
13.742807587457925,
-17.999110559508242,
-59.455927448319976,
-6.005480787388761,
64.29112552408986,
-12.083415880464443,
-34.76147529532008,
-41.68900945833873,
-23.28195796085796,
-2.2123887128046404,
-62.863119488878176,
-45.32771326513117,
4.625056712446727,
24.362097468865404,
-62.7941562608332,
72.71266678623634,
44.32700270045815,
50.66031198270172,
-31.536500643871047,
34.06894415227348,
-70.64535702721972,
-53.86727998588742,
47.217572991573924,
39.73798761585732,
-42.18518997717085,
65.89717249316892,
5.190501168790596,
51.19638773687285,
-8.402559504481987,
20.706764367493818,
-47.790752871880755,
-17.727694901214434,
4.005942882724141,
4.879711055529778,
65.90441003194908,
11.723400233425101,
45.3623664124597,
-26.847814914548835,
-66.4171075803634,
55.51552489451126,
-41.156021480429494,
-46.18751281190501,
28.638519696240635,
1.1452258043039694,
19.23293850742746,
15.47613274291608,
-4.924540927492378,
-10.162069477014413,
-44.091918788816024,
-47.44597936724666,
70.63013460088635,
-7.823695214735876,
-37.22324449453196,
48.264541322607265,
12.174231240274956,
-40.30966416721578,
7.751652560391754,
-30.656011494260248,
-5.387930367916165,
-64.03814506888487,
-19.837897981371228,
-52.168360877955585,
-77.29262813435184,
37.0398962109607,
9.574489546772922,
-17.29160896880227,
-47.05769179166764,
7.163108673777506,
32.53481245235704,
-15.944732075470112,
-8.481394470318559,
44.044927987027584,
-19.511243223191148,
50.60853247366243,
42.138147538173925,
36.895207338468,
47.463496926662536,
-44.28960023159167,
-25.03683911878038,
5.1626077518524385,
24.250436108016526,
-68.06028023183623,
-57.44509993472302,
6.027483239367481,
-17.45224765230696,
14.35594696102573,
26.728263029036995,
-3.082500153382486,
32.50270333234459,
-67.61564405363639,
-67.62077928334537,
33.93974803228168,
39.51500880307779,
48.57908729323724,
-58.76598337402666,
41.486004395421446,
-19.16543952662124,
-31.47592744194525,
-34.07040298051908,
-39.65504666499245,
-38.073184738164564,
67.32348634964951,
20.94700306252246,
-22.47556408920423,
12.253859336655603,
17.119412101698824,
5.631222674107714,
0.6657199795137955,
-75.79725783050253,
-25.625390797521536,
2.6393444420862164,
-37.61656055601361,
-20.636830510388403,
-23.86472596742173,
-19.077266287166626,
-72.7740945194822,
42.23441311385779,
6.83470091519002,
-66.73936936709075,
19.406421638552487,
-22.515079653168698,
55.83918891775125,
42.351306016447744,
-44.19510693577614,
45.59772880249592,
0.5426217391035769,
36.83861818114846,
-61.69195774249172,
12.015096170434694,
39.754383162879904,
34.30819620094083,
-24.038619046102923,
34.894649158169386,
-6.98417255083411,
72.2807712319354,
10.28223326566305,
-41.92210019417094,
-46.392600466391755,
-47.0277133443853,
-20.530903977651086,
-41.60259813020217,
-32.41941597382542,
-53.43643899761287,
-6.5154523521425975,
64.436893064555,
-41.63096989448079,
24.680890135195877,
68.26978636872302,
-37.49436831863124,
-20.422870973966088,
1.4127171787383603,
50.088841587777736,
50.89175021316757,
-28.342904622206373,
-44.738338780665586,
-17.313900699678722,
33.52481922108933,
-42.87705794523409,
1.1912724853032184,
-51.45329859344773,
12.224326087546357,
-24.561589619951746,
11.554511977674094,
55.66903724314253,
-35.685845379546514,
-70.21183812835685,
41.51602165802602,
65.86129874373094,
-35.6449185073767,
43.34406269772038,
-10.857337230688609,
0.49891963134805395,
13.413814707591808,
-30.974980882361695,
-29.7588687042596,
-27.121703861093028,
40.17458113587705,
-5.360563702286091,
52.7669563191052,
-26.423572851023074,
-57.59686407280806,
-7.046174374306361,
-53.20347159566582,
36.63238848852297,
-11.498555786632267,
40.98834884461334,
23.291023923436892,
51.88179955051782,
23.9293321323361,
28.195203194535743,
71.08125668669277,
25.043029644432835,
50.31366477709439,
41.057457915388724,
-29.21096360164686,
-50.89571917318816,
41.634009093966235,
4.92624110898199,
-21.209944614706316,
29.726537436412276,
60.47079788873531,
16.765566979901948,
-41.92333712247831,
-61.31907496373585,
-32.04376498752668,
30.736009651949313,
47.8135916704891,
4.6998157324542085,
-33.87240341780921,
79.26095989365632,
8.827419797145854,
-35.85037726920557,
-50.9110430900528,
-27.590485711108663,
-55.97306027979273,
-56.64832026153577,
5.5920281507945635,
-46.30643031633024,
65.89087372231015,
-66.51597509019466,
-18.55327251059817,
-73.07522555816013,
13.560941856587753,
-1.9171559030205043,
41.37832652465083,
-74.60751489156108,
34.70949924154316,
17.781817372506175,
-39.307862019544935,
7.8374114621800315,
43.113496374360366,
-35.333227339695725,
6.8723074775284605,
44.296987648815396,
-8.181614695622082,
-15.615006420639215,
-18.005990101631088,
-18.675846092323965,
-23.55944812394383,
-22.124213231042976,
-30.235079232479457,
-18.946563317196286,
-30.556628156414547,
67.63343235585621,
-32.84814152956858,
12.24089129927381,
37.42645510625943,
20.152338358563373,
18.897590447590527,
-36.98130771208778,
58.430398010746124,
-44.131768753865856,
-71.77556850440784,
70.18141482731025,
28.348509038199808,
-30.182517545213308,
7.838524718595065,
-60.95831850451722,
40.38365940571125,
34.638580935020705,
-5.898260516795687,
10.027923396896673,
37.478258043781565,
-49.91938608709212,
11.71685941838416,
67.52474257494603,
16.925747248432945,
-48.742395721360005,
-71.58908740557928,
60.38665801318515,
-2.3448664277000804,
-44.54978541032404,
-39.582031898078405,
-67.9866509647155,
29.221617326916675,
-53.8992682658186,
-0.04296070623855829,
6.084649020135732,
44.23477169532995,
2.590751699058314,
51.021446672885304,
-77.80314877663601,
71.70529795613292,
9.351320844681615,
17.679891509964698,
41.534688387802916,
19.7265769974266,
-16.197178895507662,
-16.030733759436153,
20.476161008616792,
-1.6625343019698025,
-7.234615435264314,
26.76831428419203,
7.378507201560843,
70.2619705766263,
-53.38480749813982,
65.83649018488055,
49.82369153461056,
-18.494083393323507,
-47.60928354216419,
50.426032958027,
-70.55969213784418,
6.463711729254531,
-43.90711326196789,
-61.11512629434637,
-35.1153223401899,
-59.4703775539613,
38.68017649458541,
32.30289486105413,
10.69765173841646,
-36.21524861459173,
48.27154321194423,
-25.96398370904645,
29.37644200391143,
-22.138913830776403,
-12.855973726901475,
46.77373705266952,
-3.778790089829233,
49.58770876791505,
-62.13958336158095,
-19.137019322036767,
59.149785653251996,
54.518837413257884,
56.7100169438184,
-10.10006811776316,
5.897515893496264,
67.81228557722478,
2.3000036798633365,
-8.328641448760798,
12.799787296316154,
40.275495202760574,
-14.835580426383533,
-13.233744610146688,
25.409658741632743,
12.919820929031411,
10.109693340381025,
8.856653966431347,
15.368813227206212,
54.0841220866314,
57.90017778827955,
-46.248543223475046,
16.480806177583887,
70.4681697496358,
-11.73051757369182,
-41.746412985823646,
24.435655932929166,
45.066132343238735,
63.31121688188723,
-10.686092058159801,
9.593135935492196,
-51.75928967566617,
-18.28241065667738,
3.032488327876439,
-41.49077422770319,
27.169478263486006,
-39.32316515652415,
51.10437635526408,
-45.415245650170036,
47.342757739792255,
-9.06683566505346,
-40.690634239063925,
-4.764363258077064,
61.06024678007996,
-14.679005602472003,
-69.63487402666512,
56.291474585540215,
-19.290024149766218,
52.12363902269708,
47.46529982455153,
22.121823075550026,
-5.799567129066506,
-37.357312268938706,
-74.05928432130162,
27.28675208744878,
58.73343416026418,
-48.27941811610987,
-55.831404052474674,
2.68919413425821,
27.241331687196315,
35.433790309015066,
72.01981486998136,
-56.76997853184866,
53.59181409264526,
43.39205642593724,
-64.82575859621923,
32.97530304982211,
-18.672094814610375,
-41.153968066937274,
-12.187642072840632,
-56.25161126917272,
-32.3550081042992,
60.90220455945362,
-16.787898585268454,
27.206647408010124,
26.924067676944443,
-19.964749476864572,
19.777249337445088,
55.16529615184959,
27.460334130035776,
30.06817125222051,
34.685639951719644,
12.68691452377166,
-12.685238502573153,
-1.6407066577117286,
-7.416113639070337,
49.50450650387819,
38.76326066334961,
76.99161469416707,
-6.04488983385921,
52.03652461546519,
-14.308160004157989,
-46.644603955166964,
26.845999614139895,
-26.900710283286877,
34.93366989281695,
-4.685747953242351,
-24.754011436650117,
-14.397270320899857,
15.755655341209373,
12.952962224263677,
5.368185456714528,
-46.32284773259974,
4.93046722076908,
31.68899077785333,
-52.660404906836064,
31.593263087653416,
-25.741468779846773,
-37.45187250593279,
-45.41316822700554,
43.874979040627856,
-42.48723108610739,
2.171911228476036,
33.29172741295631,
-14.988043288551257,
-13.989631669090477,
65.3187866707034,
15.027120047495464,
42.47531754802661,
-14.421212309782534,
50.04431093460006,
44.532398222617786,
-37.95366764654872,
21.94014263860461,
-28.471552105202957,
-6.92409253684569,
-28.331628730605406,
-72.68618119991902,
23.602524051592717,
42.030790791212,
-47.199831882384636,
-17.341345317417886,
12.974143243474735,
28.26470689787613,
48.20111663214862,
-7.172708125054208,
-59.581958542702004,
-10.290331070274199,
57.2712982393372,
-71.15704604124448,
-31.62423048258062,
-72.80011015734956,
-72.16657638657189,
-26.890299036135662,
24.632485762002062,
51.19208598880067,
39.14344731594965,
28.679328615097518,
-49.69766689619247,
-45.006250011786584,
13.818112463776078,
-68.56732285942572,
-22.077285688742034,
-39.576143222457176,
34.65878331174543,
40.85234475087772,
-8.66612044549173,
-65.14395326316496,
35.32585376553445,
-29.288289429862747,
-35.78655555408307,
52.29057716596324,
-9.116114230026428,
51.66434690668565,
9.145198398566807,
-25.84649726203585,
-22.16946073197346,
18.242703546517596,
37.30870717555831,
29.044486308569983,
-1.5702360109661064,
59.15334343138947,
40.377761019342984,
20.62670001806605,
-68.8165582063943,
-13.299916059488002,
2.2249433319322725,
-33.57171461502078,
1.0777349925762607,
-47.741381306685945,
9.850543759040782,
-6.95694163963295,
1.5628620579846617,
-75.07586627789937,
-30.54973537322184,
34.777172770469626,
40.65129985792868,
-20.215510535349065,
-58.33460498463797,
14.875764886676016,
-54.07092982429074,
-10.659142997133754,
24.63368208912186,
5.092042834918671,
-6.102170327829886,
-29.511324459819416,
20.268723158794074,
-38.14640798912598,
-66.42331077272509,
-75.96697483382009,
56.85618892768193,
42.380120990288,
52.411574911814206,
56.145940048686505,
4.295816938561713,
54.4579518520603,
49.29612556679479,
77.25115464210302,
-28.24744998465627,
-5.673181148447542,
59.659104732721524,
-31.013551601066837,
-49.45221385292444,
5.914918178833635,
-60.79374165724148,
-24.67738894783449,
35.87585666694851,
-50.07740414375494,
-22.320611290775165,
36.68075837693958,
20.512722666847004,
26.608951570259467,
70.87265919798178,
-6.103764833429235,
-11.263675945772084,
14.30616901965723,
48.993331077943985,
-72.7375623512526,
17.92306466486508,
71.60650868298097,
49.249134375267346,
47.24107328400367,
36.59624214900495,
-28.44041686015626,
-17.207606436685037,
-78.20526958087986,
10.106747654828157,
3.2164680307350917,
42.57841054727216,
-75.37874064917804,
3.321903237979506,
20.624740297432115,
71.29507830316832,
45.7250312964364,
-20.325183857140733,
-30.535217956049244,
-12.572623608859425,
-43.56938485767501,
64.62206788891596,
-6.823274672468423,
-18.66043821406767,
13.811523554971616,
-61.983037271884996,
18.210739558053348,
74.14331763197396,
38.99185962007542,
71.82649360464183,
-18.353746512792597,
-13.423007122201156,
36.058265777206,
63.97709899444342,
-24.16441922043351,
79.51914414550072,
3.7709819712834918,
38.56086481001975,
-49.84795511962937,
-22.370962169103713,
-57.52180386007854,
11.394521162218306]

x3_values=[-87.33543121567746,
-11.624772067774064,
-86.32042949589817,
-69.43015204608143,
-172.9038211046572,
-76.79313520598191,
-152.29229694961268,
-122.37194090487395,
-98.77654270298174,
-34.36439533288167,
-8.368686182289741,
-102.04009157947446,
-5.706709991108838,
-98.8802853002792,
-32.09688589846436,
-161.53468799752912,
-89.24088929278093,
-75.59272442231571,
-97.04307124658376,
-177.64461622049507,
-149.7877675704006,
-103.42123532183174,
-23.9280207338195,
-84.36059444521835,
-75.14911364373762,
-161.68042479144944,
-86.86646715467148,
-133.06651831294,
-96.72533527949975,
-127.69660600812709,
-64.4520415319926,
-169.7369988432744,
-29.178775387112456,
-100.86233682074646,
-120.70911540419962,
-168.4236581546763,
-55.768424724115675,
-52.1468371391353,
-67.53214451974823,
-141.70530556732757,
-140.1594378084089,
-59.81550952519316,
-81.67952690393372,
-101.10553963265612,
-71.78434927561308,
-132.62901601882638,
-84.20565517161202,
-37.50406342526873,
-179.6314637835762,
-111.85842575276985,
-120.03557344806303,
-39.148218911512615,
-48.6082019883814,
-135.27985787430802,
-166.00067529172927,
-147.58004819323526,
-85.97988445417558,
-150.30286862513046,
-63.03415826225009,
-50.55862775688666,
-142.27235929280553,
-114.94786711819533,
-8.071530645864716,
-147.78079643379883,
-91.22533386443477,
-32.94521662470651,
-145.35495425426654,
-119.13655155906976,
-34.64552714715834,
-87.65431472279676,
-59.0615103335124,
-110.83775457581544,
-158.56143863855738,
-51.84837387250903,
-21.008014833446605,
-150.43113064480355,
-54.648334005259024,
-77.25321944180979,
-126.24213067005104,
-65.33441752126913,
-127.43173695341052,
-45.66557924022735,
-31.333733103626823,
-75.80577762631582,
-146.7147894398732,
-44.41729647414933,
-134.5627351218365,
-34.508238736788016,
-116.1220735062138,
-161.10497027764677,
-99.71906185716159,
-14.588375817541888,
-63.797055225180955,
-157.60017047059333,
-80.80141720867462,
-24.283943751182754,
-95.06152805001489,
-50.84536520394181,
-130.40992545027274,
-88.80266637986318,
-6.1266409717325505,
-5.91146016402169,
-9.224278330162276,
-148.39468089664226,
-28.138016918112918,
-84.96183805543248,
-103.95549803910812,
-178.1573860086647,
-162.6690688561596,
-72.43192935579891,
-101.04725286905234,
-122.7479881143042,
-42.07479949687163,
-40.12664522253335,
-22.31695224338266,
-178.56643522457338,
-48.49606819492001,
-159.88302351604835,
-116.88247216405337,
-77.63571843001603,
-125.7293315852486,
-19.508622300717548,
-94.02943626108909,
-50.09954260198661,
-165.17033472068331,
-144.5438610841378,
-46.92484377468819,
-9.872639336266872,
-168.79652902454276,
-30.862120623500168,
-89.44393299364971,
-174.51958477261954,
-5.380410914315046,
-178.4087264012841,
-48.26816105182753,
-10.751868702716642,
-44.31564089376347,
-15.776718221970043,
-81.48780908958724,
-107.00457577506333,
-169.41846168279625,
-15.214443366364517,
-43.66938576399182,
-87.81231091683559,
-26.582696336820767,
-78.4713452104707,
-46.813526448326776,
-139.28699876102704,
-56.91385773719738,
-53.638555181061705,
-87.2015016663974,
-112.8774534459841,
-67.05071887268939,
-105.10583408080713,
-164.27844250118528,
-91.03252222998475,
-102.19144390276037,
-63.20512407263984,
-49.68645111804791,
-125.03857272565901,
-92.8130052716294,
-143.95284376237717,
-126.91097738239341,
-170.0879981522944,
-100.1880283137802,
-172.252437602022,
-96.0340464919146,
-166.47544506510036,
-74.69445903346913,
-85.70888893642639,
-82.14388048787575,
-163.51556986618127,
-154.7135489928175,
-132.49116913480532,
-54.31269618162555,
-93.851376527895,
-154.00984782187183,
-160.19448281706104,
-16.659147972473512,
-40.96276957304098,
-106.5292084154585,
-19.555170846324636,
-130.13830295307469,
-92.12189086403157,
-54.97309928447016,
-170.6583009318293,
-152.6643162084829,
-139.6549201530247,
-129.75355801111542,
-137.52902330462612,
-154.38744436939942,
-108.28282175740325,
-79.34045600583178,
-57.08247642603734,
-53.2562115466081,
-17.51659209730494,
-143.182797301764,
-79.47895196487394,
-159.0325678806076,
-109.42718706302763,
-174.05924773688227,
-78.73690854315747,
-9.950510417349179,
-153.86863517970255,
-31.879799771796204,
-11.654526474839864,
-83.99258875218385,
-159.33394992100156,
-30.37645491569747,
-143.7980933332649,
-56.15574827078578,
-46.40212650900281,
-28.04604418365627,
-133.22937317368084,
-86.10666791933916,
-66.90166725366659,
-169.06726910375758,
-75.93748373007317,
-89.89777320610243,
-177.00678546884384,
-83.37599175777748,
-8.74961241688847,
-137.87469055092814,
-144.75094315100282,
-65.40021534848292,
-52.74584794410798,
-25.79748091951009,
-158.9453095222329,
-113.40309818695563,
-176.1496400524637,
-55.97396293873451,
-61.99963317651805,
-74.25379502591824,
-168.8062605079088,
-27.62585254371391,
-170.23408543130458,
-15.565329823093776,
-6.769559812773054,
-14.816818131122188,
-146.33412893470887,
-40.36895505430579,
-120.62864038191215,
-63.92446800139162,
-131.6964700858395,
-13.520580526351852,
-15.436467419315907,
-18.263691414950927,
-24.463881936600902,
-38.62214095216526,
-159.38643498606203,
-29.776219377457274,
-114.69560324258235,
-151.63529916563908,
-87.0303378233016,
-16.312164529894144,
-139.5101726321822,
-12.924521260719105,
-150.1286172614089,
-126.99464675497323,
-99.07861422005612,
-106.41750749202355,
-99.6508436699503,
-8.931390389940773,
-146.9953450181002,
-12.627603245034155,
-80.36736856850102,
-122.99750228921656,
-94.36787088223663,
-162.68094627467656,
-77.09255797906955,
-130.66132673377598,
-104.44988527189089,
-171.99906884211455,
-140.31202648602743,
-105.93546093751904,
-88.14105524842209,
-148.81898266124193,
-128.67243931823828,
-64.61267324989397,
-115.919268466338,
-166.33697325263094,
-160.38426421583844,
-40.259383543034645,
-83.65812593644551,
-67.73809639388477,
-132.8489803697357,
-58.13284629138761,
-68.53720758016186,
-149.0730361548089,
-61.03721061517256,
-41.83008724239706,
-56.64842388292074,
-155.21443127532555,
-114.77189025566614,
-8.168423886274164,
-158.3023313621945,
-78.23798780483223,
-145.73124121262444,
-118.27936472204016,
-115.53851146440284,
-162.28359080106125,
-51.415213439682994,
-127.98540662492766,
-129.18916926931274,
-69.28629674674144,
-167.4765662530033,
-22.52422361744356,
-140.636364899565,
-45.51209744997398,
-45.93207277050848,
-69.07519854669304,
-35.27434736159988,
-126.66700517681156,
-72.1650741413478,
-139.11837540910173,
-28.761693403450113,
-81.90726039269934,
-21.17342640836024,
-56.58693959008127,
-23.18286390179943,
-14.311573624968954,
-118.666753715535,
-117.9485868731645,
-78.65452458190407,
-47.73515125407397,
-72.72883054215242,
-101.73095859392323,
-146.8486594144726,
-128.3339371621657,
-117.05044602188174,
-169.56444348065062,
-19.011747685928828,
-36.18114734111023,
-82.48234871288773,
-73.78251029435586,
-22.799429181581175,
-57.82674144816951,
-158.23732670290843,
-6.994431224826162,
-26.09933016481696,
-140.4787566838363,
-10.171966512715931,
-175.7246282373124,
-121.26091987175447,
-85.18424612084159,
-95.61008149263672,
-128.07660251609857,
-135.1743867180822,
-52.52429054578472,
-42.56493218406379,
-71.33269437812156,
-24.194842018149508,
-20.74381810196855,
-68.86714419865118,
-62.516596823059324,
-112.66116483131623,
-160.44577460027085,
-26.822934120158646,
-105.59559348254379,
-7.297539746861844,
-37.81935626499889,
-165.49903631715407,
-132.1004331925255,
-100.36133694324465,
-165.69369225306502,
-110.14257819065345,
-7.134842295078081,
-82.2904506501592,
-44.12204044770457,
-48.12990375016369,
-99.22316030002598,
-115.6662076717753,
-72.7001756886344,
-71.53166529183324,
-114.3901523888606,
-155.90046220266967,
-7.752438025131189,
-173.3629247554699,
-163.23135570614357,
-172.3348052054123,
-64.88472969430498,
-65.9962121916853,
-153.73753410239283,
-134.15475432816052,
-36.99929809050235,
-179.77854529948422,
-70.99166433517345,
-136.77330046388056,
-80.61204376646279,
-108.88230107876949,
-32.7711766796989,
-96.31666629367821,
-123.8593646391894,
-99.97875160014705,
-71.95555650602702,
-62.15068513325786,
-85.36513016017796,
-28.98446211567809,
-113.66406324163852,
-115.2549168460435,
-91.62328764612347,
-5.246894589557101,
-115.16201691505242,
-159.53663303661867,
-90.66492161237255,
-95.67819413114617,
-14.63003403603484,
-161.373788471334,
-170.0061516082554,
-70.39028738963401,
-170.87661530899788,
-122.14397257185186,
-62.27819261009969,
-121.43219214243715,
-90.9240329969818,
-31.647894799411784,
-46.17650104063526,
-106.71766362791733,
-35.55240877437313,
-80.21832440237374,
-58.89268646758442,
-112.00921365380175,
-16.150031351393235,
-169.17543106399512,
-17.01014122045455,
-10.800846689240249,
-36.11490310819238,
-18.953528687013925,
-55.51068396021855,
-21.72329412661936,
-178.03217570653007,
-61.81734708407127,
-67.91754062712572,
-150.01568743838675,
-120.87454079619455,
-33.51819242938362,
-164.03299784524162,
-156.9736163353893,
-76.1725564258429,
-25.36519609549896,
-124.6628709178963,
-37.97978137249136,
-116.62987552936919,
-134.8542826891772,
-144.33017746985828,
-38.95688664199687,
-60.518038244158554,
-168.00202620284426,
-83.86909914605322,
-141.42877109256366,
-63.62307835107258,
-68.48446445443113,
-93.51587421995289,
-77.27777695534665,
-140.8136456951827,
-31.57918100364284,
-77.55724392745374,
-152.46655205058957,
-152.79086604064662,
-167.08736507521544,
-137.43546572178175,
-164.84214020190427,
-70.91033610634149,
-165.92006274588942,
-79.97085951691659,
-109.65172924763263,
-131.87514011930128,
-135.78318805094574,
-34.81507494384525,
-52.28311533211142,
-58.46905439164126,
-93.29546038487034,
-55.382800485852684,
-108.95796508497965,
-173.98613564547313,
-31.114397998826636,
-84.65510561067867,
-70.23329646071033,
-173.78273988670927,
-109.6124423893143,
-141.8933906934009,
-133.4924400286421,
-126.2835984185517,
-156.1163136642161,
-97.35564105553826,
-41.22751287646184,
-5.081856915486655,
-107.44418297606346,
-21.41254816671663,
-151.89160093261196,
-139.0390346997475,
-74.49880294879179,
-129.36851100221295,
-68.1308753812414,
-125.79048055658112,
-110.96726859761091,
-95.23641700649708,
-136.40497967327192,
-114.2109498868726,
-69.94850889417272,
-160.65509286224028,
-177.25166307360942,
-90.14385687186837,
-70.68065057276202,
-24.99980480321187,
-14.156934111755817,
-104.18414560568638,
-179.95184697742934,
-51.091134301243,
-126.4501031012253,
-10.530681369043464,
-59.24730774379097,
-157.9934124167375,
-90.5117837043436,
-77.91468193636462,
-92.51914705305086,
-58.57507893372588,
-171.21363767449796,
-88.5654018299183,
-98.14331167758048,
-111.4770965686089,
-110.17802372134148,
-147.82000435027854,
-44.564674787323604,
-160.85207812534418,
-167.78026750681477,
-33.55570036686436,
-113.17990807270009,
-176.58415168341122,
-33.13337258664687,
-171.91522060377932,
-134.70926697618407,
-111.1182927494925,
-120.3040112054927,
-28.966890483625534,
-78.05240553115658,
-46.08928268710361,
-17.169281024117957,
-120.38521239894311,
-100.64073417568837,
-155.70040424815,
-137.20293367555522,
-11.354813324559657,
-73.7262072447424,
-173.56939591526753,
-33.834781881003465,
-92.22976158530692,
-141.0187083873213,
-20.159939012080084,
-156.20822503862053,
-41.45058219624091,
-167.36031372661984,
-172.63115920324157,
-116.17817762782958,
-61.58873542182057,
-138.21163962289825,
-164.43803361968088,
-30.999379366712994,
-170.50907934534422,
-15.101046496772078,
-60.772205430381575,
-46.591142697643285,
-22.464964887392647,
-12.720258600532786,
-68.32280852054282,
-47.62652687850518,
-66.65942755888159,
-103.21197823623008,
-154.9383618081569,
-168.5435134346156,
-178.6585849792001,
-166.56758175310526,
-88.38022359482544,
-139.8089942071666,
-161.0118291265665,
-124.13914825098693,
-13.153158939709177,
-22.959107978949433,
-75.23193307772095,
-83.04097148979517,
-118.46663458969824,
-21.983890684984043,
-81.0401243569868,
-45.399229905660526,
-107.78083082620812,
-136.98633551217137,
-166.8681805156598,
-108.6746787780174,
-143.6216956555473,
-50.32687347459376,
-104.66800482197904,
-62.62743651084664,
-26.190828471270784,
-103.66610035594067,
-47.94890962388099,
-151.0531225168083,
-86.63175535799814,
-45.10063818896636,
-151.45695965400287,
-27.468647132319898,
-113.77372891359404,
-109.29352703938432,
-97.73538436236078,
-119.87637987580348,
-12.359819028974648,
-54.4405442837782,
-91.93958732049644,
-49.4258459773438,
-34.086850589472334,
-121.89721929727871,
-73.36866629598411,
-164.74007776347358,
-126.0401059955517,
-97.1259696914559,
-94.08818823357869,
-101.51278953915745,
-10.331504692198353,
-88.83437823990424,
-141.57814521564748,
-98.31239643019661,
-23.613155596169726,
-173.23738253754956,
-32.50054089019117,
-102.3842588161084,
-86.52350742001495,
-17.79840773810937,
-131.4338020387144,
-122.82944305566879,
-76.48928435447347,
-39.84814293294408,
-85.06777534719691,
-144.2025312366265,
-139.9529128021984,
-95.97149332237964,
-13.325473538079502,
-113.97797944974728,
-94.5954072438714,
-52.89811094796221,
-60.923423593726206,
-25.593883057777855,
-32.2384117693957,
-156.58831260738975,
-20.371633862915257,
-20.86324797738475,
-34.96887370829695,
-173.02057742180176,
-93.62078152544734,
-136.48765582486297,
-131.29666574961539,
-107.55977578313215,
-14.03401196704326,
-67.34148838220487,
-57.50773791465768,
-127.59694191103664,
-23.523453226244957,
-128.48748814747927,
-136.06299414681214,
-157.08179426532348,
-35.29119931633731,
-61.41194048539525,
-43.96236725631813,
-163.66878090848724,
-6.663317774100799,
-49.52256985399056,
-122.54120520391393,
-9.68778458335082,
-127.22820664827319,
-129.8349074209575,
-105.71809697518991,
-151.17989743038098,
-116.32473491633041,
-23.340676901760247,
-145.95351024028085,
-97.9090655390704,
-79.61353071620178,
-76.61231738232169,
-47.4341043688796,
-128.771467076767,
-92.90944651429106,
-66.22220781241353,
-135.38772796022215,
-124.83499267688342,
-161.91441530431203,
-64.1085571748595,
-60.12984768565446,
-7.907252196917241,
-175.51103018321785,
-28.316008485857743,
-178.91418181353757,
-117.59910078722409,
-19.860904298699314,
-102.92934267560463,
-100.48849988663493,
-129.58174528284746,
-102.77013803100347,
-136.1813280206196,
-60.46026681412238,
-8.577819413275108,
-20.04471452550775,
-24.823650977886572,
-17.342514549670614,
-175.12903692211032,
-96.39010438313476,
-137.6581969145935,
-50.262351483456094,
-89.08997872425519,
-55.19980340529036,
-163.08665061797242,
-59.413254901120844,
-83.14617281897354,
-149.20515624455572,
-53.00097893806747,
-72.20908209934211,
-93.12065717151798,
-36.40658860634123,
-96.68738717578799,
-174.7243529822818,
-135.57557581291417,
-92.37195759543968,
-134.41082992669638,
-73.22427525608411,
-52.0363231135033,
-18.6079507880237,
-154.5810502690355,
-35.79786906406105,
-157.59412053151755,
-30.61177374661385,
-18.370488932519024,
-44.74600855345889,
-11.121778174543028,
-108.15830139352063,
-113.00406700678447,
-119.72977172564691,
-82.80409529430136,
-74.97677849958964,
-147.2161812288323,
-142.1094960411923,
-112.40526405311073,
-91.31181435500375,
-30.23094458479881,
-43.306884162857436,
-63.377925975921904,
-64.71271910044695,
-6.35703075790515,
-33.919672093322355,
-176.2468589049402,
-17.609773753388083,
-65.8005615501668,
-128.91524049243117,
-85.65425183277527,
-56.343728294493815,
-108.50965976759936,
-111.2748463186029,
-117.51513998484842,
-136.93130379390007,
-148.14153231157124,
-39.54984939275047,
-157.9484338631126,
-107.3528854909424,
-112.48566020668272,
-97.56234398295318,
-123.46567479354756,
-112.16581546462369,
-118.75169748124208,
-148.64592664391554,
-145.1226730169502,
-130.57431036817292,
-69.91029946649105,
-94.87252477992551,
-32.31611611472816,
-164.18953107969404,
-48.88843245191237,
-104.86904881294119,
-118.12340035676367,
-44.99980315139409,
-37.722441932857436,
-81.43565742748851,
-58.30936996990564,
-177.08052118988715,
-103.11065952348916,
-83.4570229795072,
-54.77230797953307,
-68.89086341230986,
-75.47564762551656,
-74.44006133784973,
-124.3300265222843,
-98.4985358580932,
-151.82374217368616,
-79.14574828448893,
-124.36284453881775,
-35.88343292246782,
-153.02483968674238,
-9.056062154243682,
-175.85888341583234,
-95.41383018762048,
-157.36614780155048,
-97.98297432530674,
-55.57932720249904,
-138.15397519579028,
-61.24478891328963,
-20.565822487634456,
-94.69654942123397,
-24.75235584677678,
-145.27912462855522,
-147.42351446247068,
-107.12373045218146,
-116.74130577049115,
-141.1700499634375,
-51.680009273802206,
-38.39448567547408,
-145.69062243027722,
-134.13860253122726,
-118.93550211630316,
-65.04475018248914,
-11.869252141341239,
-47.06911761714005,
-40.58937880824747,
-101.81372095573943,
-122.02408383425373,
-91.71037658540195,
-89.83389998838655,
-166.9275444494102,
-174.95245178235834,
-138.6309748635918,
-110.59346209385608,
-103.81924830199463,
-42.761737758596105,
-171.41724698889178,
-16.378515068452636,
-121.68791844197634,
-42.19776651599659,
-12.11853358318331,
-125.05800831916433,
-119.43983442250803,
-138.38928688518993,
-15.959539640030588,
-159.7700358513008,
-131.79881681189804,
-179.2741021083117,
-153.3639303336735,
-111.697933293388,
-99.39851039964799,
-65.63127292323865,
-71.22977588717835,
-90.33453906098919,
-105.4354409563367,
-57.22111374631803,
-53.68461822702984,
-176.81093938326265,
-144.97690043531617,
-165.4228018988275,
-87.55889077132136,
-38.54405856872478,
-162.33983356066088,
-142.77107776727374,
-142.42441032202453,
-67.26844697251514,
-125.32462172210155,
-163.85859194831306,
-142.70592111280828,
-50.93251859864605,
-109.85809152991912,
-36.76984230805037,
-19.280156390922375,
-69.64459629041585,
-12.275198495030999,
-155.33330850036478,
-62.805000585770195,
-171.51358779871484,
-38.1773604994735,
-132.29334456718286,
-174.82405225069718,
-37.231112234251995,
-26.467383647475174,
-123.76736936878123,
-73.04395155809307,
-79.83387335063111,
-154.23333629786373,
-155.03295349207505,
-179.3747520819129,
-104.28155471753102,
-6.53809811060774,
-7.527405496034747,
-25.271476395068603,
-23.862078209533426,
-66.50219132546214,
-11.18143328343562,
-150.8599925967169,
-149.7176094996971,
-138.74616443571378,
-28.474411447266988,
-164.98346416628667,
-59.5253935740566,
-43.399842245958645,
-43.84291958568891,
-27.307878043226832,
-25.970429350616193,
-89.53279165800116,
-41.13625088951575,
-133.28985999715943,
-57.85165645680749,
-16.756193519920767,
-84.48028653912887,
-177.47550587197424,
-42.275634640379344,
-49.961993072963686,
-88.01155190045141,
-110.48831616369773,
-82.67091396855584,
-13.75161519551909,
-76.2523013521616,
-176.4813309239811,
-104.9610543546699,
-29.994015997972095,
-106.05295254945875,
-162.09842869313616,
-158.78109173365453,
-167.6937533833666,
-153.05472696606662,
-30.13249123331232,
-43.11612995324772,
-171.76821365756518,
-26.93485208624877,
-107.95715560455358,
-117.71019274702009,
-156.52841808450594,
-21.55353539946748,
-13.687396149644732,
-117.29862290526086,
-57.35210152286961,
-41.60993869451387,
-143.25438774432905,
-59.65925402135869,
-150.76062315097772,
-179.1168406823319,
-101.33099204777906,
-18.7931265945571,
-102.54027642646088,
-133.70370157932243,
-70.50418793161631,
-73.5104197880575,
-9.39385673057393,
-149.45397726947022,
-125.55077203770378,
-175.32177058561993,
-37.114504189386835,
-170.9795663756062,
-153.56479522043105,
-114.13177570359822,
-74.00257850243507,
-42.94662923689013,
-39.309763620012625,
-5.593105852558101,
-131.0521703924262,
-152.01410439553848,
-172.80072607847418,
-119.56714458163681,
-21.82668973775603,
-168.17399398446534,
-80.44779897556309,
-29.413724885030675,
-174.3207070741917,
-36.61451857992654,
-148.27657981364237,
-33.21050290857949,
-81.21787485555252,
-163.01233519939117,
-27.75779527332374,
-27.103144221537278,
-38.80777018550186,
-47.315686863355005,
-130.0660579255262,
-64.21958415747103,
-53.356825548237616,
-49.0927642772179,
-130.85644631078526,
-78.92916790120839,
-177.81655136832623,
-29.574221836795132,
-60.109393278857155,
-40.73348744441475,
-146.08721315195436,
-49.256882269735414,
-54.041827643053324,
-148.89942014078505,
-121.11097919445142,
-155.57218336162117,
-143.5177284721799,
-142.90681262125645,
-146.5540558292162,
-106.23656856301999,
-51.28488749733175,
-156.74580596097178,
-133.8788331471491,
-53.8474741902079,
-18.071611848293536,
-123.1648075202405,
-66.3310721900792,
-123.59979062640429,
-39.68433187098014]

########################       HandShake         ########################
#Hand shake start from x=0, y=0 and z=h=20 cm of the tank

amovel(posx(180,0,0,0,0,0),t=18,mod=DR_MV_MOD_REL)
while True:
  if check_motion()==0:
    break
  if check_motion()==2:
    time_real.append(time.time()-t)
    real_pos.append(get_current_posx())
    time_real.append(time.time()-t)
mwait(0)

amovel(posx(-180,0,0,0,0,0),t=18,mod=DR_MV_MOD_REL)
while True:
  if check_motion()==0:
    break
  if check_motion()==2:
    time_real.append(time.time()-t)
    real_pos.append(get_current_posx())
    time_real.append(time.time()-t)    
mwait(0)



#### Start the LHS ####

all_directions=[]   # All the points from the LHS are contained in this list 

for i in range(num_samples):
    if i==0:
        direction=[x1_values[0],x2_values[0],x3_values[0]]
        all_directions.append(direction)
        
        amovel(posx(direction[0],direction[1],direction[2],0,0,0),t=time_move,mod=DR_MV_MOD_REL)
        while True:
          if check_motion()==0:
            break
          if check_motion()==2:
            time_real.append(time.time()-t)
            real_pos.append(get_current_posx())
            time_real.append(time.time()-t)
        mwait(0)
        
        mwait(time_stay)
        
    else:
        direction=[x1_values[i]-x1_values[i-1],x2_values[i]-x2_values[i-1],x3_values[i]-x3_values[i-1]]
        all_directions.append(direction)
        
        amovel(posx(direction[0],direction[1],direction[2],0,0,0),t=time_move,mod=DR_MV_MOD_REL)
        while True:
          if check_motion()==0:
            break
          if check_motion()==2:
            time_real.append(time.time()-t)
            real_pos.append(get_current_posx())
            time_real.append(time.time()-t)
        mwait(0)
        
        mwait(time_stay)



#### Spiral_1 ####

# (x,y,z) vector from the last point from LHS to the start of the spiral
x=start_spiral[0]-x1_values[-1]
y=start_spiral[1]-x2_values[-1]
z=start_spiral[2]-x3_values[-1]

amovel(posx(x,y,z,0,0,0),t=time_move,mod=DR_MV_MOD_REL)
while True:
  if check_motion()==0:
    break
  if check_motion()==2:
    time_real.append(time.time()-t)
    real_pos.append(get_current_posx())
    time_real.append(time.time()-t)
mwait(0)

amove_spiral(rev=5,rmax=(Diameter/2),lmax=dime_Z,time=time_spiral_1,axis=DR_AXIS_Z,ref=DR_BASE)    

while True:
  if check_motion()==0:
    break
  if check_motion()==2:
    time_real.append(time.time()-t)
    real_pos.append(get_current_posx())
    time_real.append(time.time()-t)
mwait(0)


 
with open("/media/dra/USB/pos_Dec_11.csv", "w") as file:
    writer = csv.writer(file)
    writer.writerows(real_pos)

with open("/media/dra/USB/time_Dec_11.csv", "w") as file_time:
     writer = csv.writer(file_time)
     writer.writerows(map(lambda x: [x], time_real)) 

