# -*- coding: utf-8 -*-
"""
Created on Tue Sep  5 16:38:42 2023

@author: Admin
"""


# The particle go in num_samples random positions in a cube of dime_XY for X and Y, dime_Z for Z
# do one line with (vel_line ; acc_line), do a diaguonal with (vel_diag ; acc_diag)
# and do a spiral in time_spiral

########################       Parameters for the code       ######################## 

import csv
import time

num_samples=500


time_move = 5
time_stay = 5

time_real=[]
real_pos=[]
t=time.time()

########################       x_values       ######################## 
x1_values=[72.79562887835517,
57.9879677178622,
123.4626863019305,
66.40576932401402,
157.1103196693461,
54.76083905895159,
129.04859332750527,
93.34573242761844,
140.01996674170474,
97.94684974658519,
34.62487080849539,
110.05776169648871,
73.89633790405522,
157.884617614251,
104.42374862355521,
113.24066531895934,
127.89022592889768,
148.73802531230587,
39.46548663287965,
125.92494628585357,
85.4895521314759,
51.826028787808326,
92.42843685326727,
163.49770654680495,
61.566615287332596,
83.57653952448906,
60.383800059235455,
139.85047200491516,
88.71175377677392,
42.20798823151505,
93.58355742733951,
61.562089846542236,
27.532816874053125,
152.51093432915366,
135.78043469222075,
54.14098522518152,
99.20414657809097,
33.058659892946054,
106.45014152463668,
108.79632979184159,
102.26219657406376,
84.48289305331622,
23.922500671364148,
104.25788051953832,
108.66044868924149,
90.51781412301466,
90.62215867987996,
68.5439088841573,
75.36379238530769,
101.96792428462182,
98.97029758137217,
94.90831494262106,
87.59080846587833,
104.35215198469629,
121.04197643131717,
73.45141976829788,
163.13922088194417,
160.07546146615334,
30.12339341284165,
45.108645370393994,
100.39978810809886,
131.11100733455166,
113.4745531679504,
67.67782461627628,
80.45103452483413,
139.0381099136863,
177.7828728003306,
74.69347130872546,
34.016645666092,
139.05821789713085,
136.4707282121666,
91.71959179778885,
151.69163214215058,
36.07601942027644,
81.46263265376689,
39.841703079859286,
82.94880048719872,
28.48162885521313,
53.86290197890326,
30.245507065716396,
43.51019065635454,
90.48457060577118,
104.55693060319373,
79.00924399826539,
139.6179500946679,
147.88418595141303,
156.41111009825758,
87.41365229387225,
122.45513823993522,
81.3006405812356,
120.27433651315884,
47.8543496846298,
115.63736403892139,
42.09570209632289,
137.5949637543965,
86.74508676720669,
121.45809534778026,
49.44001285216711,
108.96709918377535,
89.02729359798587,
175.49183302836798,
82.48128728965676,
136.527548870817,
104.26927071605624,
113.69832405384592,
55.084494621322996,
107.51993998835496,
54.218592885069185,
76.7318229531341,
68.58834216638311,
166.08870432721756,
49.212938285054285,
162.00469068432668,
162.79891625033775,
90.50483198849135,
159.28133725257527,
74.78243806589856,
28.93726224164955,
53.38822511846836,
87.50913566707491,
36.25993361101242,
66.75675821804725,
50.18448191190114,
88.44423866355902,
125.62195107157463,
151.0357813221871,
124.20003276779902,
52.21515021955714,
111.82115126375145,
130.96239173187146,
54.56161814593414,
106.12823213251716,
124.69899135920559,
90.47343676164833,
38.765660023809,
137.00448537051832,
102.61429368822337,
160.6908642346888,
170.45390388998317,
88.25034663961571,
148.49487912743263,
32.492166653242194,
68.01832411940418,
101.65618394135652,
127.91865298013202,
39.12035460267267,
139.84788034462977,
39.629902351036314,
98.71523096589165,
88.08161301871951,
74.811095478391,
154.63092092071582,
97.82413595826557,
97.13576486844022,
120.95142482025818,
70.83978690726984,
145.6228982608555,
65.06979897819129,
112.77901867748936,
103.79045569125422,
61.849045133682175,
26.256450206184113,
85.46088926562538,
74.27261410372839,
82.0947625481136,
116.42275480051768,
46.210292258988865,
33.765246782428804,
143.65830415285484,
54.59252689377583,
72.56597743824419,
95.14395564188828,
56.63792834424828,
104.48336185505335,
67.986825720131,
47.70874134800161,
78.40531331047633,
94.6935241420759,
98.41395462096682,
55.94603407699478,
67.56300323815731,
168.00999378123777,
53.46776740302412,
99.46233307887364,
107.82593950477239,
96.80454018019054,
101.8084347014971,
117.79109550456258,
48.97723310816768,
65.18298515624846,
42.06093606420686,
45.48270179097006,
78.07308722086452,
68.86754938144787,
107.55429568830752,
88.2920810070674,
48.4749151992477,
42.51712185587978,
72.61053838354397,
139.54424299882893,
23.142900386357084,
80.13100392303335,
146.7790515282764,
130.8758699314295,
67.65534665123914,
147.60782613753065,
120.90848525913538,
99.20774532061361,
98.01467079055521,
118.99813969557658,
137.17444287059544,
107.41837983889235,
148.70011673577818,
96.00579704229429,
153.24590432342038,
99.45775239822551,
91.41267596492006,
129.22911060863302,
153.31118772401416,
135.1317645810147,
127.7841791105884,
69.67978136575644,
114.39475993059264,
136.77629655903377,
39.412078091927135,
62.749766319314006,
123.52978138725703,
118.41870466185044,
44.47684781130655,
125.2046550169975,
74.74873903990591,
144.53214488077342,
106.34541668743796,
58.1325064357642,
118.28729379475381,
56.39096535578692,
96.44163172039639,
73.3207380632837,
161.6914987985476,
110.11997003743664,
157.4227455012158,
125.22422266962862,
112.54731339373836,
62.51992269785119,
85.49831711571922,
128.72998517584602,
50.91916732846185,
49.916814722641924,
46.521155885937674,
53.57211782123934,
119.35138466261472,
75.8972127334787,
129.13891334839707,
71.17118325708707,
127.50089434498398,
24.125914494072205,
149.60370442714287,
39.58201994013879,
100.43005383857654,
49.790236899650495,
50.61472875291488,
51.43476864654853,
125.03424622606056,
109.58397635650061,
134.6927306735579,
80.28331226833743,
147.91401535821734,
156.65025364559082,
130.3427796323588,
80.55297745361509,
69.92767615607688,
23.51226028019302,
39.408128413766306,
80.39634662294586,
74.38729020248056,
146.36146340522473,
162.19002349803722,
108.71102999630656,
101.04425892104436,
45.86036690887905,
146.78048586547547,
148.10145782201027,
85.00538860742097,
61.68129409789274,
102.72414354574423,
102.21246835735252,
146.76557011815078,
105.74174829347777,
161.86461733513758,
102.4993770022154,
44.37449429785682,
133.14078912759933,
61.26542301724133,
109.8921591334338,
95.98362599203239,
163.44215218822472,
71.65175749120316,
84.15894261244694,
61.079621477724636,
63.25887655568121,
138.2034056470353,
66.06377487750595,
73.42602116812955,
103.08111709206405,
162.31156133135477,
127.90113010644544,
154.9326733530611,
162.66685735652928,
98.55975276518426,
115.45984670626135,
61.77456447752708,
53.23046991869094,
121.9649816111201,
114.82488065372031,
157.21715424322264,
94.24654791232518,
27.582495960359296,
124.36675343940239,
74.0974252082748,
129.17940716707446,
82.14325839484793,
30.46039325208406,
27.945768901817004,
123.65440340287861,
89.26212532778787,
89.65490418386013,
89.01886585183836,
71.53296010089635,
154.17488683067916,
173.40570536405363,
167.08579073045996,
75.86098007748208,
104.9696199997017,
78.49514890341248,
128.04967459320588,
111.17304690595984,
144.10591443282195,
55.226339035848426,
69.98373178800671,
73.61698751306815,
111.09157665358485,
158.32278316800577,
64.70368290769812,
162.9171971847703,
160.20747661786456,
74.63022325923842,
107.68038640350726,
21.862931144662994,
88.84323767768288,
75.00652801140791,
124.76684901448999,
111.17977400453756,
46.26014039478197,
121.86820444228414,
40.99434834436629,
110.52350292407579,
172.63884342044156,
34.53694876500266,
91.24132998349263,
129.98488317104258,
133.6552837590787,
75.4965150903657,
135.17591402375953,
144.55452049693068,
55.30231346400645,
56.50109845347534,
108.01817841421202,
88.89148513656939,
85.58949136470625,
30.028964705666567,
88.10583244466487,
113.10643158151339,
90.76382368795137,
108.35922199677974,
65.70599201854122,
142.18902662213532,
115.98793181675656,
83.64329701332082,
41.19943534080265,
59.26828269696067,
140.77825229123067,
141.11235872524378,
59.14474980173605,
82.5931699224297,
113.6406287611346,
66.89532282836612,
111.85150471873081,
146.59030880180268,
69.48978141090791,
41.82732533688468,
44.96892340307868,
146.59115492352643,
44.32318350880026,
41.086586550896904,
141.40232932264456,
100.03370679532402,
68.1432390577588,
161.94566520428333,
146.94298214204704,
141.3597208098102,
43.55674637921923,
79.71079521881326,
98.55524051216916,
96.44762784176666,
62.06971803928323,
30.829644383947937,
157.13470467498715,
105.75863822397142,
53.336945594521204,
145.22079455773184,
106.64686668694412,
147.83477617608145,
155.84799050684256,
153.5455445834154,
79.64269720713715,
115.51900944268418,
45.75623891784445,
56.153021521910595,
63.20445886227652,
116.9727853753583,
166.76436226631745,
147.30213455806782,
118.37363695276795,
94.07789864303149,
132.7361062183091,
53.11119588899432,
34.34920785605986,
104.60766571782735,
124.39436066186619,
79.93697227759299,
68.51181816742024,
160.8786848161426,
106.59472190766459,
123.03326053723933,
96.78035506363936,
179.37244955636675,
43.599949421396566,
95.80410566463192,
29.068436600875927,
157.6483547522131,
29.866618497507403,
167.44556165284868,
149.8125115332805,
81.12907608004234,
66.3575950070454,
53.483342568443184,
92.87102820483153,
74.97511156400542,
86.1457936375791,
88.82826341912391,
127.24995033570536,
39.29510692976304,
66.28581453532982,
129.687252188158,
56.06351114196796,
104.63811019297898,
76.73202848373126,
78.79653715080286,
122.17989687369422,
61.782761343292016,
56.94969882454386,
112.51073037610527,
56.689148939682,
63.33534983852253,
163.8484430004358,
80.07842847574584,
71.04306284422026,
175.95359822095605,
37.99913628033737,
21.734542949667144,
58.143178262592905,
122.86246421940422,
166.15310789477834,
118.44578653005911,
88.82032326178208,
96.68843179470176,
158.27698508085714,
155.11469144651394,
151.3829777471797,
154.4323885163361,
84.8674065511125,
154.7931150212721,
120.98962973574778,
123.61846045987483,
142.7467078833307,
126.7240784437232,
97.07486838334225,
70.47175206297935,
127.0844205405852,
79.54372390565257,
83.65016113210298,
107.64217307001061,
54.78381667958808,
113.39449348918005,
69.98884721633678,
176.11246083272204,
153.63857992945074,
173.83715863334845,
85.04862877825553,
90.29355912715167]

x2_values=[-1.7193767949012635,
-31.426842517205802,
-11.631155271526291,
14.49792800172206,
-48.683247946450635,
21.930118169784507,
-17.265206001937308,
49.06644423727685,
35.68252255329384,
67.82644737327207,
-6.008598097048978,
-66.07789337970141,
-29.727453875817112,
52.4540449940723,
37.60871445325441,
-15.257840675262061,
7.5494207573470264,
42.10538538044403,
6.3880160328696585,
-31.481726214781958,
75.95349368081953,
-37.76690681424534,
52.338799033141406,
-37.223681664194075,
22.84696298249237,
18.63853817115035,
31.104444071399907,
55.523832788120984,
49.209257954705514,
-51.672458150774126,
59.305467617291654,
-39.65491423425093,
23.851610712910247,
31.585096710544644,
53.667732447563985,
-25.853016174404644,
33.0870947791119,
-13.332048004707147,
-31.56313260721826,
-47.066866506909854,
79.5470891839518,
44.538858935763066,
9.970521876637429,
-32.28257673220134,
59.31055875616993,
-62.66579953175151,
48.28231081211075,
-46.68536296195705,
-52.57521114609535,
-47.18944279817913,
2.4939948966910856,
-36.01643255199579,
-53.621236399425264,
-5.45400522301137,
-73.85744424173349,
10.650636354428379,
41.99608006950771,
52.57082758061798,
-17.929641881878116,
-56.58536291480219,
-12.972748611702468,
46.098081626642156,
-9.084594786342734,
-49.46792381634271,
11.773573586089446,
2.1550447788640863,
-9.834073316818563,
51.74805280192476,
4.985026575070175,
43.57121816505496,
63.45733868960769,
-50.534506304070646,
15.372900661077066,
-16.391596271147243,
-53.66617367738886,
-29.03512300649705,
8.343561351757051,
-17.033280097936892,
24.34634041203627,
19.604667739457252,
-47.962749841034885,
-49.085417703827765,
-19.28936469999748,
-18.464674513068744,
-54.30440892193548,
41.028032649779746,
43.672761462716196,
-31.823500336354623,
-40.80991363208361,
34.015878680395886,
-21.29984932243164,
-26.930412553109193,
53.736281334437116,
5.978026872721643,
54.373393824579516,
73.898844428864,
32.8422296381184,
15.111865994269927,
-34.36109114909155,
-58.17174250726109,
4.197582796873886,
59.26676097636605,
13.400147565318433,
-6.487823043588339,
15.216428395495328,
64.83727870580292,
-9.335130184571742,
-52.29373329595241,
-73.88775932331399,
28.474629502242564,
10.625308734804896,
-10.72112311120621,
-40.465244037900135,
35.37483855654333,
16.309625671612856,
-16.360006446450846,
-9.023369780681337,
14.611348742464468,
27.577638528730873,
-27.663853695512238,
-37.220861878837596,
15.620914268106995,
-10.650380701242618,
78.91016169998726,
57.695641223466446,
33.46211651077595,
54.08870314665286,
-51.37773555781622,
-18.931788094021098,
-41.3669285320959,
-31.5599679796952,
10.147415105022372,
-39.23733152324589,
-12.365915529851314,
34.819980957557696,
24.4319035510231,
-23.8908480622445,
42.203895819812296,
-14.12380315656718,
50.10086842223611,
-57.15127259873467,
17.6522724967739,
23.80834719738411,
24.23099479827679,
-61.074382348093174,
-20.682432146069054,
37.17796829959938,
-51.88574856859513,
54.858750736302134,
37.987163958959265,
60.38604984083241,
38.255397694507955,
14.335152235659958,
57.899332800446984,
-32.32835654419602,
-62.277665482160984,
-51.98606466668256,
-21.385962162507834,
10.526590790027916,
-45.2301292232822,
1.3930223463095885,
28.87652507345166,
-17.31665243915255,
-75.0673430324916,
43.50608242211405,
12.574408196480512,
34.997818344219546,
17.320626280965048,
10.71117405879688,
-33.38744332705033,
-65.92836621439473,
-50.8379988441529,
-12.690402884214635,
-77.63615691798738,
13.928059585408727,
30.2447007338707,
17.623346756607237,
-2.0076611393219697,
41.750555200313286,
-41.62180921488499,
-28.113694432633352,
9.350804801741093,
-13.470226286673718,
53.009944518130894,
68.87278714151675,
53.369845015832475,
-71.58915192939601,
39.166350191101394,
-54.45286639614099,
14.515943936729025,
5.980819558715182,
-50.44726470329364,
34.8640606739332,
10.531508084775624,
-75.84752185368227,
-9.896433300309598,
-27.38843574738278,
15.410421192330245,
15.564182049881758,
-15.817261473982516,
-4.458251742793622,
49.29964264365459,
-15.929396998821964,
-7.13767683306361,
-29.484407647208567,
-14.20268465556115,
-67.20075828726284,
4.720633819609428,
10.097535964184999,
-4.736802261442586,
51.67232925197057,
-5.049948435334907,
47.35531904426059,
7.472373828247094,
-51.7653628978392,
-35.69768580666727,
6.634592310458666,
-71.43709974639796,
-57.21705338433447,
12.486770386815532,
-49.33277646618982,
-32.603679923206116,
-69.2132009168248,
34.019997717574455,
37.00642259885536,
-48.75142279733156,
-27.478303202522063,
-31.011742068813753,
-55.68237808937552,
15.679543602853775,
-37.99637677922191,
39.20922095494596,
-22.947643669929786,
39.886709279266434,
-73.07200448695062,
45.4178441000192,
-78.48223414087389,
-6.679992915491546,
44.336319912185445,
50.79118415407055,
29.927610208209746,
51.756008331560444,
58.77900694154952,
26.554319481907434,
-77.73089123253145,
19.14393281708119,
52.97436119429011,
37.54165109769975,
-28.717217194149246,
48.78326889565257,
-61.419839244113945,
74.09090731938062,
-70.23191446795937,
14.005328761697818,
49.42251309617279,
14.715288859453635,
33.83747837363336,
24.60027797571119,
61.057579214068475,
-30.685059028358417,
33.48338682337244,
-28.241603343766595,
36.23952074242039,
19.04106629305888,
-56.48737232658721,
-65.97184165928023,
-18.422129499988596,
51.266524590404615,
22.077435268028204,
58.85604473491508,
-8.349278399568812,
-1.8378642403881045,
13.669914381775897,
63.54582657691743,
-68.69338708571831,
-27.323108534060477,
32.00427332972643,
-69.04477947506572,
-21.075299186507106,
43.51542214871956,
21.750903142000197,
47.652640855446464,
-43.56966552311489,
-58.43227803644077,
-70.21919977096779,
33.32203506933551,
60.3600069616882,
-40.190203640198895,
-16.20419553372965,
-38.55838810960628,
34.668271593808896,
55.80303241771333,
-9.993772407855712,
-52.279209647331406,
-33.07549464599911,
1.447765943564775,
-68.82200958194375,
-49.83922763469157,
-34.58336571342488,
56.81171990553453,
-49.43734403170932,
-64.4062736443297,
53.62594252385384,
52.35883223147867,
-47.77187302381032,
73.0830490535099,
48.57369591136844,
-27.851666040783027,
-61.947108195479565,
7.841359599234388,
-66.39637306916813,
7.917927520142451,
-43.10350139571002,
11.05296575499739,
-38.59910969447618,
46.3467862994882,
7.015044321009488,
57.88817331477687,
-49.066200403412395,
-40.47212320441323,
-50.2270367973912,
-11.817214977152839,
-12.40279623907695,
-31.54925701077435,
54.623178397503466,
28.904534547061917,
-20.69773385949982,
-65.86120019959914,
-51.581073909990074,
-3.2604220436957134,
-17.00013594443221,
50.63626534614265,
-57.49932181108156,
-15.41981638207947,
3.87065235759656,
38.785910850609156,
-64.15359494831002,
-35.569035110293505,
35.04896955997073,
-42.14005122543572,
8.356431516181626,
-28.738612768060207,
71.23062249104443,
-23.128287070092323,
-23.601041854065056,
-48.39108767346218,
-68.49494552403674,
-11.400393698182837,
73.92988456882576,
-25.600966934553455,
-67.31367796101556,
12.657094520144158,
41.00204466651218,
-8.594506420078082,
-18.128794853341333,
-40.95336662200152,
2.2958364961405953,
38.168474211332224,
56.220330458555644,
-65.3742416898119,
4.828111370569191,
61.93688697433732,
-14.999791412406221,
17.074139180538346,
-35.274417244393774,
-9.698628543867517,
-5.818049308098252,
74.89716667547754,
42.73326920261447,
-33.72920920186533,
-76.22080868637063,
48.901872153122326,
-21.08734369582052,
-62.00358924093744,
1.3713191917064333,
-53.79334507953603,
51.8909861234943,
68.73052986802891,
18.467836343795174,
57.881812648103356,
-6.870327817875129,
-6.224383847792027,
24.381328141308884,
38.10134708806398,
41.02527232113342,
5.644588689502181,
5.063387180855269,
-43.24300627301472,
63.04123541329867,
15.904634045536222,
-45.26293920892065,
-53.60020549172638,
47.24164548251904,
25.012900209457325,
19.55377445492585,
-77.58604324207245,
68.22134392696722,
-43.161325938452684,
45.11360372669665,
-25.679764888205113,
36.94460153629386,
-30.766569293108972,
49.02369758785467,
79.84483974457811,
54.558314154247256,
21.306536407648455,
5.013173287641618,
12.458146535617608,
28.655708517450943,
58.59164560401644,
20.471989630748592,
-0.5306036015397317,
49.34098473873518,
34.56718299190817,
-44.41433130123332,
37.765739951054876,
40.986409940423904,
-30.958698416141672,
65.59916837699076,
-58.373289640042394,
-42.73096639483093,
29.70650100813553,
23.429013107406675,
56.72648945574189,
-11.630308883484286,
-1.052517233566035,
4.56941999837513,
-17.21345837024198,
15.38540159810561,
39.43690991127012,
-5.4506756193493135,
-17.279489101642767,
-47.586816219684344,
-11.09958719156688,
-24.497283374901503,
0.7624943620552126,
38.22541868196562,
28.76123799251817,
-27.58833484135307,
55.273140203084004,
-22.664701203805876,
-22.615622721646414,
50.47273645189851,
-10.944202592285517,
10.518177117083185,
-38.293131772999594,
-78.41533666291933,
4.22602643857193,
-73.24633150184304,
-42.0439723927797,
13.5520693346495,
-13.456534403934443,
-61.01890364494235,
22.80379175437698,
19.72771006992497,
62.5949146963588,
9.344798633938298,
21.29050758223536,
14.85581729523412,
68.05542511323677,
-22.452404727595084,
22.70088693498921,
-49.74439057670727,
-5.046644355021673,
15.56907546165183,
-37.02698778913506,
-10.454151510755613,
-11.863512178555364,
37.237559158964835,
-4.093993991291822,
46.13506845079396,
-52.6499259386363,
27.205090921986844,
47.29634376045609,
29.003426504063047,
-45.305119970510376,
9.038007722775232,
-0.7732258270200976,
-16.845149076623237,
1.6237892616113754,
-43.92741829220625,
-48.186279111189634,
54.77200113799928,
22.48512829102732,
-0.45655935882960086,
4.080064361416904,
-43.857297273412485,
-31.52241064653612,
-57.77285463876021,
-28.591206033186587,
-63.27026169608978,
-39.53887876951506,
19.486636658995753,
-6.622596107596373,
28.699499721326976,
11.221278183809384,
-36.486167624972964,
-15.389470829595306,
10.441086686619164,
42.434247368968244]

x3_values=[-32.82086243135491,
-39.59954413554813,
-10.14085899179633,
-19.410304092162846,
-62.907642209314425,
-91.88627041196382,
-136.1345938992253,
-59.143881809747924,
-67.2530854059635,
-12.978790665763348,
-76.13737236457948,
-68.53018315894892,
-42.11341998221768,
-7.260570600558398,
-20.343771796928706,
-163.71937599505824,
-101.38177858556189,
-70.58544884463144,
-78.48614249316752,
-130.83923244099012,
-51.67553514080122,
-159.4924706436635,
-50.55604146763901,
-141.3211888904367,
-98.04822728747526,
-9.31084958289886,
-143.18293430934295,
-170.13303662587998,
-167.45067055899952,
-92.89321201625421,
-56.35408306398519,
-67.42399768654877,
-143.65755077422492,
-8.074673641492959,
-89.06823080839924,
-105.74731630935258,
-42.48684944823134,
-94.39367427827058,
-115.36428903949647,
-108.66061113465516,
-166.1188756168178,
-152.7810190503863,
-32.009053807867446,
-128.61107926531224,
-87.11869855122617,
-72.65803203765279,
-18.511310343224054,
-127.40812685053746,
-20.712927567152434,
-135.7668515055397,
-33.821146896126066,
-98.49643782302522,
-133.1664039767628,
-159.85971574861603,
-132.40135058345845,
-67.91009638647051,
-171.85976890835116,
-122.35573725026092,
-177.76831652450016,
-34.51725551377331,
-158.79471858561107,
-12.44573423639067,
-96.89306129172942,
-135.16159286759768,
-64.75066772886956,
-174.290433249413,
-13.059908508533086,
-114.27310311813953,
-97.19105429431667,
-178.35862944559352,
-48.37302066702481,
-148.77550915163087,
-58.372877277114725,
-137.89674774501808,
-162.3160296668932,
-30.56226128960709,
-154.69666801051807,
-72.50643888361958,
-117.9842613401021,
-144.56883504253827,
-18.86347390682105,
-11.081158480454715,
-133.61746620725367,
-170.76155525263164,
-100.47957887974638,
-39.73459294829866,
-76.87547024367304,
-27.966477473576028,
-71.84414701242763,
-158.3099405552936,
-176.5881237143232,
-154.0267516350838,
-69.74411045036193,
-21.800340941186622,
-161.50283441734925,
-105.86788750236549,
-166.92305610002975,
-66.59073040788363,
-146.26985090054546,
-15.105332759726377,
-89.5032819434651,
-149.27292032804337,
-100.94855666032454,
-126.2393617932845,
-22.22603383622584,
-138.32367611086497,
-35.26099607821624,
-95.11477201732939,
-51.53813771231922,
-168.21385871159782,
-172.24450573810464,
-162.0959762286084,
-126.74959899374325,
-140.7032904450667,
-82.68390448676531,
-113.43287044914676,
-71.34213638984001,
-155.16604703209669,
-94.01494432810676,
-175.47143686003201,
-129.2086631704972,
-70.06724460143508,
-159.25887252217814,
-55.64908520397324,
-157.34066944136663,
-116.78772216827555,
-134.6996875493764,
-27.345278672533745,
-41.74305804908552,
-103.62424124700034,
-6.937865987299417,
-108.4891695452391,
-30.260821828630096,
-171.56745280256823,
-167.1363221036551,
-61.30373740543328,
-148.03128178752692,
-167.9534364439401,
-112.82561817917448,
-131.30915155012664,
-86.38692336559251,
-60.778886732729035,
-150.58877152798365,
-118.82462183367119,
-33.46539267364153,
-40.29269042094139,
-116.27705289665356,
-26.82399752205413,
-160.62771547439476,
-147.7771103621234,
-164.1530033327948,
-60.10490689196818,
-125.95143774537877,
-70.11166816161426,
-53.70688500237056,
-142.7650444599695,
-95.43288780552078,
-41.2602481452797,
-48.87290223609582,
-125.72714545131804,
-15.426010543258778,
-6.40568752475435,
-74.52195476478681,
-44.675996304588814,
-164.57605662756038,
-141.054875204044,
-90.1180929838292,
-57.400890130200686,
-56.538918066938294,
-112.16777787285277,
-58.13776097575152,
-45.53113973236257,
-55.92709798563498,
-52.08233826961064,
-147.0253923632511,
-123.55275305578998,
-117.16969564374362,
-28.388965634122094,
-119.31829594494702,
-34.22553914608197,
-169.55841683091703,
-43.21034169264927,
-121.22660590614936,
-160.3437817280631,
-121.04619856894034,
-75.2166018636586,
-79.82863241696576,
-56.95984030604942,
-115.90711602223085,
-106.60804660925224,
-77.6748887387988,
-136.6656435148065,
-109.58091201166357,
-19.91495285207467,
-92.76242309321621,
-14.63318419460988,
-128.41559460352806,
-24.457903929747886,
-88.36513576121517,
-86.80437412605528,
-17.96849547376452,
-29.623817086314954,
-58.651020834698365,
-35.68727035940512,
-74.1595995435924,
-154.10905294967972,
-47.8351775043677,
-138.66789984200315,
-102.30290983139493,
-63.49618666652978,
-96.11149654157157,
-168.65425301800562,
-129.84208836731256,
-141.75874634736172,
-35.96333583867834,
-153.30333450733318,
-46.834538207515145,
-71.97496746014633,
-162.89554641220485,
-120.8135709376877,
-77.40198351555495,
-26.49922483377694,
-100.64938110185628,
-155.00188630200563,
-174.4504306969658,
-63.39169588821596,
-178.19496183902018,
-91.34061904446575,
-36.30619637391128,
-172.64928010492739,
-148.24792587746902,
-93.44926635303612,
-116.5575900518365,
-146.4125210158176,
-136.35170508742783,
-104.81817086260916,
-55.18065964618756,
-133.8391196255461,
-138.73363626224437,
-52.818257869417735,
-119.8379101086116,
-85.05728076382431,
-21.34893600278324,
-59.59294017167905,
-65.7911610527037,
-75.57293483863181,
-112.72738282990184,
-173.0777638732018,
-152.3942819043305,
-143.32286997212404,
-29.00243875491455,
-165.2412064851647,
-69.37059833127812,
-36.76067564660319,
-57.72432905978829,
-145.57034526436436,
-10.34904252143821,
-92.25723452281778,
-36.88929350994644,
-86.05722844011227,
-62.235014984047126,
-179.2516873399006,
-5.8627807798815486,
-166.49069003620042,
-11.855206490068312,
-107.43473713700205,
-49.545004578433144,
-13.635741764473275,
-80.96189254935308,
-54.68511595813911,
-65.92265346755202,
-144.7497705437818,
-19.098137684229066,
-160.82405297205486,
-59.87092187503807,
-123.68211049684417,
-102.93796532248389,
-124.24487863647654,
-107.07534649978794,
-137.23853693267603,
-49.42394650526187,
-60.61852843167693,
-44.36876708606928,
-24.066251872891016,
-179.82619278776954,
-31.09796073947141,
-149.76569258277522,
-44.92441516032375,
-8.946072309617817,
-78.57442123034512,
-74.81017448479412,
-156.94684776584145,
-45.728862550651066,
-150.69378051133225,
-61.38684777254833,
-139.754662724389,
-122.07597560966444,
-15.912482425248841,
-62.5087294440803,
-34.97702292880571,
-39.2171816021225,
-121.63042687936597,
-84.7208132498553,
-161.32833853862556,
-99.97259349348286,
-73.40313250600661,
-179.34844723488712,
-90.77272979913002,
-109.12419489994798,
-54.31414554101697,
-8.200397093386094,
-90.74869472319976,
-148.93401035362308,
-37.83014828269561,
-158.08675081820348,
-17.87338680690023,
-99.31452078539866,
-20.896852816720475,
-111.67387918016253,
-106.46572780359885,
-99.5731472499379,
-10.783507431069975,
-80.39717374632899,
-66.90904916380816,
-98.87030250814796,
-122.60766108430487,
-119.71191718784647,
-175.2973188289452,
-65.11787432433141,
-53.40089204376346,
-103.82888696130124,
-156.22349537185764,
-47.06229468222046,
-81.56469742577545,
-76.41502058871171,
-38.84885836316234,
-144.253482896339,
-108.12465340581684,
-155.98886244965232,
-125.2486603296339,
-126.85751336767262,
-123.14393302543186,
-165.8492564746248,
-65.32183974350897,
-103.06849224168319,
-50.07016298527346,
-107.65320503219712,
-24.89877343616439,
-151.49858109156943,
-6.27986436812758,
-29.165388756243118,
-47.58968403629902,
-17.2376362039371,
-94.93428839730237,
-31.83319364611865,
-33.07232966263245,
-72.99154920054167,
-118.29586824031729,
-139.6911869650876,
-131.7450794937237,
-153.5887125299978,
-14.14807263430817,
-178.70086638505097,
-69.02267388648929,
-54.787384506130024,
-16.485156381306933,
-137.36968459015617,
-174.9809013003184,
-68.19408089540914,
-75.85980750032738,
-29.99632060005196,
-85.28241534355057,
-151.2503513772688,
-164.66333058366644,
-118.43030477772119,
-23.300924405339373,
-88.20487605026238,
-85.52584951093974,
-95.71271141228713,
-156.61961041082463,
-37.26945938860995,
-53.14242438337061,
-134.47506820478563,
-145.70950865632108,
-117.6485961810047,
-84.35709059896843,
-73.63332867034691,
-82.34660092776114,
-165.32408753292557,
-44.06460215753895,
-173.59235335939778,
-25.93333258735644,
-32.368729278378765,
-128.10750320029405,
-120.36111301205403,
-130.1513702665157,
-113.93026032035591,
-113.51892423135618,
-87.92812648327705,
-79.20983369208702,
-162.84657529224697,
-15.643789179114203,
-131.52403383010483,
-22.873266073237385,
-46.12984322474511,
-145.0563882622924,
-43.51006807206968,
-173.89757694266797,
-176.46230321651083,
-124.58057477926803,
-22.803230617995755,
-171.03794514370372,
-50.95638522019937,
-172.7643842848743,
-25.298065993963593,
-5.095789598823566,
-46.40300208127053,
-26.08532725583469,
-5.55481754874626,
-25.586648804747472,
-104.38537293516883,
-93.71842730760348,
-104.65006270278647,
-63.85086212799025,
-61.920282440909105,
-78.9016933784805,
-177.47980621638476,
-64.40705737402786,
-124.92136792043709,
-42.99658825323872,
-91.71435141306019,
-111.28469416814254,
-89.88508125425145,
-11.531374876773533,
-135.24908159238908,
-97.73638485876727,
-142.46599569048323,
-16.697232670778607,
-140.3451128516858,
-168.93039219099794,
-101.87574183579257,
-40.50956274498272,
-139.35975105873837,
-114.90856537835441,
-110.06035493971658,
-28.46377328399373,
-31.3360764883171,
-127.65405240568852,
-176.03819829210642,
-80.10754218512734,
-7.796156702145149,
-133.01892890886228,
-177.13174843990575,
-88.6555539106933,
-8.5272913903654,
-152.30836200728567,
-23.76448785490748,
-71.03310410117916,
-12.181732081293235,
-52.324730150430874,
-48.67093144356352,
-38.38428040380853,
-155.72067221268298,
-21.64012549177882,
-141.9917190338332,
-157.60345849526527,
-17.250280238602542,
-9.66637610189149,
-129.3801498876905,
-147.16623066422284,
-105.28810878328251,
-87.44092076974067,
-151.96560097170538,
-149.9159301699593,
-110.57227129094628,
-80.67879599765328,
-96.41021122135734,
-78.06659292142068,
-27.56547977341856,
-163.4748847786286,
-83.4867813868018,
-83.13488005728425,
-82.7171968371034,
-111.9326273284322,
-132.3112821110765,
-114.55502575292367,
-110.8637138309733,
-40.83836595212691,
-98.37509633343326,
-83.88320186522394,
-38.22806939949502,
-50.19760589758359,
-102.18702200442591,
-14.011750762482816,
-109.73096111316224,
-41.93453719522182,
-170.42283401299414,
-130.6099593465439,
-81.6718997737452,
-169.19701778834545]

########################       HandShake         ########################
#Hand shake start from x=0, y=0 and z=h=20 cm of the tank

amovel(posx(180,0,0,0,0,0),t=18,mod=DR_MV_MOD_REL)
while True:
  if check_motion()==0:
    break
  if check_motion()==2:
    time_real.append(time.time()-t)
    real_pos.append(get_current_posx())
    time_real.append(time.time()-t)
mwait(0)

amovel(posx(-180,0,0,0,0,0),t=18,mod=DR_MV_MOD_REL)
while True:
  if check_motion()==0:
    break
  if check_motion()==2:
    time_real.append(time.time()-t)
    real_pos.append(get_current_posx())
    time_real.append(time.time()-t)    
mwait(0)



#### Start the LHS ####

all_directions=[]   # All the points from the LHS are contained in this list 

for i in range(num_samples):
    if i==0:
        direction=[x1_values[0],x2_values[0],x3_values[0]]
        all_directions.append(direction)
        
        movel(posx(direction[0],direction[1],direction[2],0,0,0),t=time_move,mod=DR_MV_MOD_REL)
        wait(time_stay)
        
    else:
        direction=[x1_values[i]-x1_values[i-1],x2_values[i]-x2_values[i-1],x3_values[i]-x3_values[i-1]]
        all_directions.append(direction)
        
        movel(posx(direction[0],direction[1],direction[2],0,0,0),t=time_move,mod=DR_MV_MOD_REL)
        wait(time_stay)


 
with open("/media/dra/USB/pos_dry_run.csv", "w") as file:
    writer = csv.writer(file)
    writer.writerows(real_pos)

with open("/media/dra/USB/time_dry_run.csv", "w") as file_time:
     writer = csv.writer(file_time)
     writer.writerows(map(lambda x: [x], time_real)) 

